           1  1.48974e-17   8.0122e-19  1.48974e-17           -1  2.54229e-18   8.0122e-19 -2.54229e-18           -1 0.5665 -0.012 0.6521  5.31731e-16  1.62069e-15  1.61848e-17 -3.76041e-16 -3.91037e-16  2.66344e-15            1  1.48974e-17   8.0122e-19  1.48974e-17           -1  2.54229e-18   8.0122e-19 -2.54229e-18           -1
           1 -5.22435e-05   8.0122e-19 -5.22435e-05           -1  2.54225e-18  8.01133e-19 -2.54225e-18           -1 0.5665 -0.012 0.6521 -1.24638e-15 -3.69826e-15 -2.03211e-16  7.35288e-16  1.40605e-15 -6.08767e-15            1 -1.07508e-17  1.52599e-17 -1.07508e-17           -1 -4.79284e-19  1.52599e-17  4.79284e-19           -1
           1 -0.000208509   8.0122e-19 -0.000208509           -1  2.54212e-18  8.00872e-19 -2.54211e-18           -1 0.5665 -0.012 0.6521 -3.89169e-16  1.84492e-15  1.25295e-16 -6.97494e-16  4.24757e-16  3.04113e-15            1  1.36691e-17 -1.08568e-17  1.36691e-17           -1  1.59105e-18 -1.08568e-17 -1.59105e-18           -1
           1 -0.000468097   8.0122e-19 -0.000468097           -1  2.54192e-18  8.00438e-19 -2.54188e-18           -1   0.566498 -0.0119982     0.6521 -0.000189368  0.000174639 -1.19752e-06  9.95541e-08  2.96714e-07 -0.000940673            1 -9.92586e-06 -1.20947e-07 -9.92586e-06           -1  1.59168e-10 -1.20947e-07 -1.57968e-10           -1
           1 -0.000830311   8.0122e-19 -0.000830311           -1  2.54163e-18  7.99833e-19 -2.54157e-18           -1   0.566488 -0.0119893     0.6521 -0.000908932  0.000838556 -6.21171e-06  3.65313e-07  -1.2702e-06  -0.00451607            1 -5.75821e-05  -7.7056e-08 -5.75821e-05           -1  7.86506e-10  -7.7056e-08 -7.82069e-10           -1
    0.999999  -0.00129445   8.0122e-19  -0.00129445    -0.999999  2.54125e-18  7.99057e-19 -2.54116e-18           -1   0.566463 -0.0119659     0.6521  -0.00239702   0.00221117 -1.65786e-05  4.88908e-07 -2.48968e-06   -0.0119069            1 -0.000183237 -1.19514e-07 -0.000183237           -1  3.98634e-09 -1.19515e-07 -3.96444e-09           -1
    0.999998  -0.00185982  8.01219e-19  -0.00185982    -0.999998   2.5408e-18  7.98113e-19 -2.54067e-18           -1   0.566413 -0.0119197   0.652099  -0.00474352    0.0043748 -3.42854e-05 -4.45608e-07 -1.49343e-06   -0.0235561            1 -0.000431838  -2.9123e-08 -0.000431838           -1  1.84126e-08 -2.91309e-08    -1.84e-08           -1
    0.999997  -0.00252572  8.01218e-19  -0.00252572    -0.999997  2.54027e-18  7.97001e-19 -2.54009e-18           -1    0.56633 -0.0118431   0.652099  -0.00787325   0.00725897 -5.73615e-05 -4.03034e-06 -2.24739e-06   -0.0390853            1 -0.000844338  7.86856e-09 -0.000844338           -1  6.53152e-08  7.81341e-09 -6.53218e-08           -1
    0.999995  -0.00329145  8.01216e-19  -0.00329145    -0.999995  2.53965e-18  7.95723e-19 -2.53942e-18           -1   0.566208 -0.0117305   0.652098     -0.01156    0.0106538 -8.65422e-05 -1.20919e-05 -2.42233e-06    -0.057366     0.999999  -0.00144978  1.91771e-07  -0.00144978    -0.999999  1.81145e-07  1.91508e-07 -1.81423e-07           -1
    0.999991  -0.00415632  8.01213e-19  -0.00415632    -0.999991  2.53896e-18   7.9428e-19 -2.53866e-18           -1   0.566044 -0.0115801   0.652097   -0.0154693    0.0142501 -0.000121048 -2.58104e-05  -7.1702e-07   -0.0767345    0.999997 -0.00225966 1.19431e-07 -0.00225966   -0.999997 4.14141e-07 1.18495e-07 -4.1441e-07          -1
    0.999987  -0.00511961   8.0121e-19  -0.00511961    -0.999987  2.53819e-18  7.92673e-19 -2.53781e-18           -1   0.565842 -0.0113932   0.652095   -0.0192218     0.017698 -0.000158607 -4.45715e-05  6.76909e-06   -0.0953079     0.999995  -0.00326557  1.58756e-07  -0.00326557    -0.999995  8.07242e-07  1.56119e-07 -8.07756e-07           -1
    0.999981  -0.00618064  8.01205e-19  -0.00618064    -0.999981  2.53734e-18  7.90904e-19 -2.53688e-18           -1   0.565605 -0.0111748   0.652093   -0.0224637     0.020674 -0.000192452 -6.54421e-05  7.57868e-06    -0.111342      0.99999  -0.00444073  1.10803e-07  -0.00444073     -0.99999  1.37965e-06  1.04676e-07 -1.38013e-06           -1
    0.999973  -0.00733869  8.01199e-19  -0.00733869    -0.999973  2.53641e-18  7.88975e-19 -2.53586e-18           -1   0.565341 -0.0109326   0.652091    -0.024936    0.0229421 -0.000219284  -8.3519e-05  8.81274e-06    -0.123562     0.999983  -0.00574487 -6.93233e-09  -0.00574487    -0.999983  2.10566e-06 -1.90289e-08 -2.10558e-06           -1
    0.999963  -0.00859308  8.01191e-19  -0.00859308    -0.999963  2.53541e-18  7.86887e-19 -2.53475e-18           -1   0.565061 -0.0106749   0.652089   -0.0265222    0.0243989 -0.000233928 -9.32088e-05  8.06723e-06    -0.131405     0.999975  -0.00713179  7.61127e-08  -0.00713179    -0.999975  2.90458e-06  5.53959e-08 -2.90505e-06           -1
    0.999951  -0.00994309  8.01181e-19  -0.00994309    -0.999951  2.53433e-18  7.84641e-19 -2.53355e-18           -1   0.564774 -0.0104099   0.652087   -0.0272713    0.0250927 -0.000236306 -9.03084e-05  6.18617e-06    -0.135129     0.999963  -0.00855801  -2.5358e-08  -0.00855801    -0.999963  3.65884e-06 -5.66695e-08 -3.65849e-06           -1
    0.999935    -0.011388  8.01168e-19    -0.011388    -0.999935  2.53317e-18  7.82239e-19 -2.53227e-18           -1   0.564485 -0.0101437   0.652084   -0.0273896    0.0252144 -0.000227911 -7.34773e-05  7.58979e-06     -0.13576      0.99995  -0.00999088  2.90164e-08  -0.00999088     -0.99995  4.22894e-06 -1.32358e-08 -4.22901e-06           -1
   0.999916  -0.0129272 8.01153e-19  -0.0129272   -0.999916 2.53193e-18 7.79682e-19 -2.5309e-18          -1    0.564198 -0.00987905    0.652082   -0.0272008     0.025061 -0.000209789 -4.52263e-05  4.61885e-06    -0.134899     0.999935   -0.0114147   5.5985e-08   -0.0114147    -0.999935   4.5028e-06  4.58335e-09 -4.50315e-06           -1
    0.999894   -0.0145598  8.01135e-19   -0.0145598    -0.999894  2.53063e-18  7.76972e-19 -2.52944e-18           -1    0.563912 -0.00961528     0.65208   -0.0270856     0.024979 -0.000190103 -1.16299e-05  3.20554e-06    -0.134421     0.999918   -0.0128334 -2.18024e-08   -0.0128334    -0.999918  4.42585e-06  -7.8599e-08  -4.4252e-06           -1
    0.999867   -0.0162853  8.01114e-19   -0.0162853    -0.999867  2.52924e-18  7.74111e-19 -2.52789e-18           -1    0.563623 -0.00934813    0.652079   -0.0274087    0.0252988 -0.000177329  1.89586e-05  6.89734e-06    -0.136111     0.999898   -0.0142699 -1.61356e-07   -0.0142699    -0.999898  4.02385e-06 -2.18759e-07 -4.02114e-06           -1
    0.999836   -0.0181028  8.01089e-19   -0.0181028    -0.999836  2.52779e-18  7.71099e-19 -2.52626e-18           -1   0.563322 -0.0090707   0.652077   -0.0284495    0.0262721 -0.000173417  3.77352e-05  5.16481e-06    -0.141334     0.999876   -0.0157614 -8.73885e-08   -0.0157614    -0.999876  3.40593e-06  -1.4106e-07 -3.40413e-06           -1
      0.9998   -0.0200118   8.0106e-19   -0.0200118      -0.9998  2.52626e-18   7.6794e-19 -2.52454e-18           -1    0.563002 -0.00877476    0.652075   -0.0303488    0.0280235 -0.000186899  3.69914e-05   2.5461e-06    -0.150767     0.999849   -0.0173525 -9.27205e-08   -0.0173525    -0.999849  2.76823e-06 -1.40742e-07  -2.7662e-06           -1
    0.999758   -0.0220114  8.01026e-19   -0.0220114    -0.999758  2.52466e-18  7.64634e-19 -2.52273e-18           -1    0.562653 -0.00845236    0.652073    -0.033083    0.0305275 -0.000217432  1.20945e-05  -1.0666e-06    -0.164279     0.999818   -0.0190861  3.20873e-08   -0.0190861    -0.999818  2.34242e-06 -1.26263e-08  -2.3426e-06           -1
     0.99971   -0.0241009  8.00988e-19   -0.0241009     -0.99971  2.52298e-18  7.61182e-19 -2.52083e-18           -1    0.562268 -0.00809737    0.652071   -0.0364664    0.0336132 -0.000268861 -3.73406e-05   1.9642e-06    -0.180947      0.99978   -0.0209956  9.05726e-08   -0.0209956     -0.99978  2.37176e-06  4.07562e-08 -2.37313e-06           -1
    0.999655   -0.0262797  8.00944e-19   -0.0262797    -0.999655  2.52124e-18  7.57588e-19 -2.51884e-18           -1    0.561844 -0.00770663    0.652068   -0.0401875    0.0369971 -0.000331525 -0.000106197  1.35386e-06     -0.19924     0.999733    -0.023098  2.28939e-07    -0.023098    -0.999733  3.04074e-06  1.58643e-07 -3.04522e-06           -1
    0.999592   -0.0285469  8.00894e-19   -0.0285469    -0.999592  2.51942e-18  7.53852e-19 -2.51676e-18           -1    0.561381 -0.00728061    0.652064   -0.0438675    0.0403367 -0.000398716 -0.000184177  3.41433e-06    -0.217302     0.999678   -0.0253909  2.03473e-07   -0.0253909    -0.999678  4.44314e-06  9.05922e-08 -4.44687e-06           -1
    0.999522    -0.030902  8.00838e-19    -0.030902    -0.999522  2.51753e-18  7.49976e-19 -2.51459e-18           -1    0.560884 -0.00682332    0.652059   -0.0471307    0.0432966 -0.000459544 -0.000256544   3.4004e-06     -0.23331     0.999612   -0.0278525    3.106e-07   -0.0278525    -0.999612  6.51223e-06  1.29098e-07 -6.51835e-06           -1
    0.999444    -0.033344  8.00775e-19    -0.033344    -0.999444  2.51558e-18  7.45961e-19 -2.51234e-18           -1     0.56036 -0.00634158    0.652055   -0.0496779    0.0456114 -0.000503146 -0.000307154  5.73605e-06     -0.24582     0.999536    -0.030446  4.98578e-07    -0.030446    -0.999536  9.03269e-06  2.23338e-07 -9.04368e-06           -1
    0.999356   -0.0358724  8.00705e-19   -0.0358724    -0.999356  2.51355e-18  7.41811e-19 -2.50999e-18           -1    0.559818 -0.00584374    0.652049   -0.0513413    0.0471367 -0.000521688 -0.000322084  7.57778e-06    -0.254037     0.999451   -0.0331259  5.05975e-07   -0.0331259    -0.999451  1.16608e-05  1.19422e-07 -1.16712e-05           -1
    0.999259   -0.0384864  8.00627e-19   -0.0384864    -0.999259  2.51146e-18  7.37525e-19 -2.50755e-18           -1    0.559269 -0.00533809    0.652045   -0.0521188    0.0478756 -0.000509637 -0.000293425  7.43686e-06    -0.257972     0.999357   -0.0358471  5.44591e-07   -0.0358471    -0.999357  1.39547e-05  4.40049e-08 -1.39653e-05           -1
    0.999152   -0.0411852  8.00541e-19   -0.0411852    -0.999152  2.50929e-18  7.33107e-19 -2.50502e-18           -1    0.558718 -0.00483136     0.65204   -0.0521747    0.0479782 -0.000470548 -0.000222526  9.30105e-06    -0.258434     0.999256    -0.038573  6.43589e-07    -0.038573    -0.999256  1.54894e-05  4.56386e-08 -1.55027e-05           -1
   0.999033  -0.0439681 8.00446e-19  -0.0439681   -0.999033 2.50706e-18 7.28558e-19 -2.5024e-18          -1    0.558172 -0.00432744    0.652036   -0.0518084    0.0477129  -0.00041022 -0.000120731  6.21887e-06    -0.256883     0.999148   -0.0412821  6.12657e-07   -0.0412821    -0.999148  1.59632e-05 -4.68589e-08 -1.59748e-05           -1
    0.998903   -0.0468344  8.00341e-19   -0.0468344    -0.998903  2.50477e-18   7.2388e-19 -2.49969e-18           -1    0.557629 -0.00382667    0.652033   -0.0513986    0.0474147 -0.000347559  -7.9697e-06  8.75573e-06    -0.255145     0.999033   -0.0439727  6.27511e-07   -0.0439727    -0.999033  1.52529e-05 -4.38047e-08 -1.52657e-05           -1
     0.99876   -0.0497832  8.00227e-19   -0.0497832     -0.99876   2.5024e-18  7.19074e-19 -2.49688e-18           -1    0.557088 -0.00332582    0.652031   -0.051331   0.0474223 -0.00029258 9.13436e-05 6.13958e-06   -0.255072     0.998911   -0.0466622  5.18126e-07   -0.0466622    -0.998911  1.35017e-05 -1.12458e-07 -1.35112e-05           -1
    0.998604   -0.0528139  8.00102e-19   -0.0528139    -0.998604  2.49998e-18  7.14143e-19 -2.49398e-18           -1     0.55654 -0.00281871    0.652028    -0.051925    0.0480133 -0.000263787  0.000152967  6.37851e-06    -0.258186      0.99878   -0.0493841  4.86195e-07   -0.0493841     -0.99878  1.10757e-05 -6.13613e-08 -1.10862e-05           -1
    0.998435   -0.0559256  7.99966e-19   -0.0559256    -0.998435  2.49748e-18  7.09089e-19 -2.49099e-18           -1    0.555977 -0.00229746    0.652026    -0.053372    0.0493518 -0.000271424  0.000158167  5.83108e-06    -0.265392     0.998638   -0.0521816  2.49826e-07   -0.0521816    -0.998638  8.56216e-06 -1.97301e-07 -8.56353e-06           -1
   0.998251  -0.0591176 7.99819e-19  -0.0591176   -0.998251 2.49493e-18 7.03913e-19 -2.4879e-18          -1     0.55539 -0.00175395    0.652023  -0.0556996   0.0514573  -0.0003196  9.8149e-05 4.20075e-06   -0.276803     0.998481    -0.055099  2.06866e-07    -0.055099    -0.998481  6.59256e-06 -1.56692e-07 -6.59394e-06           -1
    0.998052   -0.0623892   7.9966e-19   -0.0623892    -0.998052   2.4923e-18  6.98617e-19 -2.48472e-18           -1     0.55477 -0.00118145     0.65202   -0.0587657    0.0542013 -0.000405841 -2.37032e-05  4.86607e-06    -0.291724     0.998307    -0.058173  2.44256e-07    -0.058173    -0.998307  5.79661e-06 -9.33644e-08 -5.80101e-06           -1
    0.997837   -0.0657395  7.99487e-19   -0.0657395    -0.997837  2.48962e-18  6.93203e-19 -2.48145e-18           -1     0.554113 -0.000575852     0.652015   -0.0622838    0.0573318 -0.000517244 -0.000190761  4.49592e-07    -0.308776     0.998112   -0.0614262   3.6619e-07   -0.0614262    -0.998112  6.62814e-06 -4.16432e-08 -6.63812e-06           -1
    0.997605   -0.0691677  7.99301e-19   -0.0691677    -0.997605  2.48687e-18  6.87674e-19 -2.47808e-18           -1    0.553418 6.34533e-05    0.652009   -0.0658789    0.0605218 -0.000637778 -0.000375459 -8.52505e-07    -0.326166     0.997894   -0.0648618  6.25496e-07   -0.0648618    -0.997894  9.25565e-06  2.38406e-08 -9.27673e-06           -1
    0.997356   -0.0726732  7.99102e-19   -0.0726732    -0.997356  2.48406e-18   6.8203e-19 -2.47461e-18           -1    0.552688 0.000733507    0.652002   -0.0691557    0.0634314 -0.000746812 -0.000542934 -4.38558e-06    -0.342023     0.997654   -0.0684637  1.10136e-06   -0.0684637    -0.997654  1.34934e-05  1.74965e-07 -1.35372e-05           -1
    0.997088    -0.076255  7.98888e-19    -0.076255    -0.997088   2.4812e-18  6.76275e-19 -2.47104e-18           -1  0.551931 0.0014283  0.651994   -0.0717766    0.0657722 -0.000820883 -0.000657997  -8.6318e-06    -0.354754      0.99739   -0.0721986  1.59036e-06   -0.0721986     -0.99739  1.88255e-05  2.27037e-07 -1.88912e-05           -1
    0.996802   -0.0799123  7.98658e-19   -0.0799123    -0.996802  2.47826e-18  6.70411e-19 -2.46738e-18           -1   0.551156 0.00213989   0.651986   -0.0735237    0.0673626 -0.000848115  -0.00069239 -6.41738e-06    -0.363348     0.997106    -0.076023  2.24181e-06    -0.076023    -0.997106   2.4416e-05  3.79144e-07 -2.45158e-05           -1
    0.996496   -0.0836445  7.98413e-19   -0.0836445    -0.996496  2.47527e-18  6.64438e-19 -2.46362e-18           -1   0.550372 0.00285992   0.651979    -0.074342    0.0681614  -0.00081837 -0.000631673 -7.31442e-06    -0.367567     0.996804   -0.0798907  2.76683e-06   -0.0798907    -0.996804   2.9327e-05  4.15028e-07 -2.94543e-05           -1
    0.996169   -0.0874505  7.98151e-19   -0.0874505    -0.996169  2.47222e-18   6.5836e-19 -2.45976e-18           -1   0.549588 0.00358115   0.651972   -0.0743518    0.0682751 -0.000737412 -0.000480716 -6.40235e-07     -0.36799     0.996486   -0.0837616  3.15901e-06   -0.0837616    -0.996486  3.26384e-05  4.14067e-07 -3.27883e-05           -1
   0.995821  -0.0913297 7.97872e-19  -0.0913297   -0.995821 2.46912e-18 6.52178e-19 -2.4558e-18          -1   0.548809 0.00429881   0.651966   -0.0738249    0.0679377 -0.000619471 -0.000263785  6.04066e-06    -0.365908     0.996155   -0.0876094  3.23637e-06   -0.0876094    -0.996155  3.36962e-05  2.71824e-07 -3.38501e-05           -1
     0.99545   -0.0952811  7.97575e-19   -0.0952811     -0.99545  2.46595e-18  6.45894e-19 -2.45174e-18           -1   0.548038 0.00501148   0.651962   -0.0731344    0.0674658 -0.000487968 -2.15338e-05  1.20237e-05    -0.363072     0.995812    -0.091426  3.03722e-06    -0.091426    -0.995812  3.22372e-05  7.71854e-08 -3.23799e-05           -1
    0.995057    -0.099304   7.9726e-19    -0.099304    -0.995057  2.46273e-18  6.39511e-19 -2.44758e-18           -1   0.547272 0.00572132   0.651959   -0.0726839     0.067198 -0.000371346  0.000196659  1.45406e-05    -0.361367     0.995456   -0.0952234  2.58499e-06   -0.0952234    -0.995456  2.85054e-05 -1.41136e-07  -2.8622e-05           -1
     0.99464    -0.103397  7.96926e-19    -0.103397     -0.99464  2.45945e-18  6.33031e-19 -2.44332e-18           -1   0.546503 0.00643363   0.651957   -0.0728305    0.0674314 -0.000297414  0.000342341  1.63156e-05     -0.36245     0.995084   -0.0990308  2.04909e-06   -0.0990308    -0.995084  2.32236e-05  -2.6083e-07 -2.33124e-05           -1
    0.994199    -0.107561  7.96572e-19    -0.107561    -0.994199  2.45611e-18  6.26455e-19 -2.43896e-18           -1   0.545725 0.00715582   0.651955   -0.0738159    0.0683647 -0.000286278  0.000378296  1.51947e-05    -0.367436     0.994693    -0.102889  1.47792e-06    -0.102889    -0.994693  1.75145e-05 -3.31972e-07 -1.75736e-05           -1
    0.993732    -0.111793  7.96198e-19    -0.111793    -0.993732  2.45272e-18  6.19787e-19 -2.43449e-18           -1   0.544926 0.00789594   0.651952    -0.075721    0.0700611 -0.000345985  0.000286683  9.80065e-06    -0.376685     0.994276    -0.106843  9.39306e-07    -0.106843    -0.994276  1.26825e-05 -4.21101e-07 -1.27102e-05           -1
    0.993238    -0.116093  7.95803e-19    -0.116093    -0.993238  2.44928e-18  6.13028e-19 -2.42993e-18           -1   0.544099 0.00866118   0.651948   -0.0784489    0.0724364 -0.000473998  7.37166e-05  5.36631e-06    -0.389736     0.993828    -0.110932  6.76097e-07    -0.110932    -0.993828  9.94148e-06 -4.30901e-07 -9.95512e-06           -1
    0.992718     -0.12046  7.95386e-19     -0.12046    -0.992718  2.44578e-18  6.06179e-19 -2.42525e-18           -1   0.543237 0.00945643   0.651942   -0.0817432    0.0752754 -0.000649719 -0.000229296 -2.68017e-06    -0.405394     0.993344    -0.115183  9.04448e-07    -0.115183    -0.993344  1.01832e-05 -2.74499e-07 -1.02196e-05           -1
     0.99217    -0.124894  7.94947e-19    -0.124894     -0.99217  2.44222e-18  5.99245e-19 -2.42048e-18           -1  0.542338 0.0102834  0.651934   -0.0852356    0.0782732  -0.00084539 -0.000570724 -1.31998e-05    -0.421952     0.992822    -0.119605  1.67158e-06    -0.119605    -0.992822  1.37903e-05  1.01953e-08 -1.38912e-05           -1
   0.991593   -0.129392 7.94485e-19   -0.129392   -0.991593 2.43862e-18 5.92226e-19 -2.4156e-18          -1  0.541405 0.0111401  0.651925    -0.088516    0.0810936  -0.00102327 -0.000886898 -2.59532e-05    -0.437524     0.992259    -0.124189   2.8109e-06    -0.124189    -0.992259  2.05225e-05  2.40473e-07 -2.07127e-05           -1
    0.990987    -0.133956  7.93999e-19    -0.133956    -0.990987  2.43496e-18  5.85125e-19 -2.41061e-18           -1  0.540443 0.0120216  0.651914     -0.09121    0.0834326  -0.00115234  -0.00111406 -3.06514e-05    -0.450393     0.991657    -0.128904  4.27673e-06    -0.128904    -0.991657  2.94594e-05  4.43615e-07 -2.97649e-05           -1
    0.990351    -0.138583  7.93489e-19    -0.138583    -0.990351  2.43126e-18  5.77944e-19 -2.40552e-18           -1  0.539462 0.0129205  0.651903   -0.0930497    0.0850766  -0.00120473  -0.00120036 -3.09321e-05    -0.459347     0.991021     -0.13371  6.04185e-06     -0.13371    -0.991021  3.91424e-05  7.53885e-07 -3.95987e-05           -1
    0.989683    -0.143272  7.92954e-19    -0.143272    -0.989683   2.4275e-18  5.70686e-19 -2.40032e-18           -1  0.538472 0.0138285  0.651892  -0.0939269    0.085942 -0.00116449  -0.0011189 -2.7062e-05   -0.463902     0.990354     -0.13856  7.58084e-06     -0.13856    -0.990354  4.79222e-05  8.67611e-07 -4.85103e-05           -1
    0.988984    -0.148023  7.92394e-19    -0.148023    -0.988984  2.42369e-18  5.63352e-19 -2.39502e-18           -1  0.537481 0.0147381  0.651882   -0.0939135    0.0860908  -0.00103875 -0.000874919 -1.79342e-05    -0.464397     0.989663    -0.143413  8.79979e-06    -0.143413    -0.989663   5.4127e-05  9.46346e-07 -5.48294e-05           -1
   0.988252   -0.152835 7.91807e-19   -0.152835   -0.988252 2.41984e-18 5.55945e-19 -2.3896e-18          -1  0.536498 0.0156438  0.651875     -0.09325    0.0857183 -0.000847702 -0.000507741 -3.73926e-06    -0.461932     0.988952    -0.148236   9.2522e-06    -0.148236    -0.988952  5.65583e-05  7.66024e-07 -5.73049e-05           -1
    0.987486    -0.157707  7.91194e-19    -0.157707    -0.987486  2.41593e-18  5.48467e-19 -2.38408e-18           -1 0.535525 0.016543  0.65187   -0.0922989    0.0851154 -0.000628907 -8.43524e-05  9.45791e-06    -0.458156    0.988224   -0.153016 9.01101e-06   -0.153016   -0.988224 5.46173e-05 5.47576e-07 -5.5353e-05          -1
    0.986686    -0.162637  7.90553e-19    -0.162637    -0.986686  2.41198e-18  5.40921e-19 -2.37845e-18           -1  0.53456 0.017437 0.651866   -0.0914778    0.0846132 -0.000427528  0.000311512   2.5122e-05    -0.454956     0.987478    -0.157759  7.86584e-06    -0.157759    -0.987478  4.86349e-05   9.4739e-08 -4.92668e-05           -1
    0.985851    -0.167626  7.89884e-19    -0.167626    -0.985851  2.40799e-18  5.33309e-19 -2.37271e-18           -1 0.533599  0.01833 0.651865   -0.0911785    0.0845203 -0.000286048  0.000597131  3.67292e-05    -0.454097      0.98671     -0.16249  6.23464e-06     -0.16249     -0.98671  3.96814e-05 -2.96043e-07 -4.01671e-05           -1
     0.98498    -0.172671  7.89186e-19    -0.172671     -0.98498  2.40394e-18  5.25633e-19 -2.36687e-18           -1  0.532632 0.0192287  0.651864  -0.0916919   0.0850644 -0.00023591 0.000706982 3.40893e-05   -0.456889     0.985915    -0.167246    4.252e-06    -0.167246    -0.985915  2.95825e-05 -7.55445e-07  -2.9877e-05           -1
    0.984072    -0.177772  7.88458e-19    -0.177772    -0.984072  2.39986e-18  5.17895e-19 -2.36091e-18           -1  0.53165 0.020141 0.651862   -0.0931541    0.0863492 -0.000298437  0.000605609  3.14877e-05    -0.463933     0.985085    -0.172071  2.64132e-06    -0.172071    -0.985085  2.03969e-05 -9.07786e-07 -2.05472e-05           -1
    0.983126    -0.182928  7.87701e-19    -0.182928    -0.983126  2.39573e-18  5.10098e-19 -2.35484e-18           -1  0.530643 0.0210744  0.651858   -0.0955169    0.0883354 -0.000466053  0.000298501  1.74924e-05    -0.475015      0.98421    -0.177007  1.43091e-06    -0.177007     -0.98421  1.42898e-05 -1.12109e-06 -1.43175e-05           -1
    0.982143    -0.188138  7.86913e-19    -0.188138    -0.982143  2.39155e-18  5.02244e-19 -2.34866e-18           -1  0.529603 0.0220343  0.651852   -0.0985589    0.0908482 -0.000714046 -0.000168445  -1.8231e-06    -0.489135     0.983283    -0.182085  1.35595e-06    -0.182085    -0.983283  1.27706e-05 -9.92055e-07  -1.2804e-05           -1
     0.98112    -0.193402  7.86093e-19    -0.193402     -0.98112  2.38733e-18  4.94336e-19 -2.34237e-18           -1  0.528529 0.0230235  0.651843    -0.101924    0.0936115  -0.00099948 -0.000714548 -2.88918e-05    -0.504708     0.982299     -0.18732  2.50061e-06     -0.18732    -0.982299   1.6652e-05 -6.62909e-07 -1.68257e-05           -1
    0.980057    -0.198716  7.85242e-19    -0.198716    -0.980057  2.38308e-18  4.86376e-19 -2.33596e-18           -1  0.52742 0.024041 0.651832    -0.105192    0.0963005   -0.0012706  -0.00123893 -5.23292e-05    -0.519856     0.981256    -0.192707  4.95017e-06    -0.192707    -0.981256   2.5669e-05 -8.91943e-08 -2.61418e-05           -1
    0.978954    -0.204082  7.84358e-19    -0.204082    -0.978954  2.37878e-18  4.78366e-19 -2.32945e-18           -1 0.526282 0.025083 0.651818    -0.107955    0.0986036  -0.00147602  -0.00163758 -7.26568e-05    -0.532769    0.980157   -0.198221  8.3518e-06   -0.198221   -0.980157 3.85739e-05  5.3993e-07 -3.9464e-05          -1
    0.977809    -0.209498  7.83441e-19    -0.209498    -0.977809  2.37444e-18  4.70309e-19 -2.32282e-18           -1  0.525123 0.0261427  0.651803    -0.109897     0.100282  -0.00157353  -0.00182545 -7.85062e-05    -0.542048     0.979007    -0.203824  1.22198e-05    -0.203824    -0.979007   5.3244e-05  1.11085e-06 -5.46169e-05           -1
    0.976622    -0.214963   7.8249e-19    -0.214963    -0.976622  2.37006e-18  4.62206e-19 -2.31608e-18           -1  0.523954 0.0272122  0.651789    -0.110854     0.101212  -0.00153901  -0.00175281 -7.36735e-05    -0.546972     0.977815    -0.209472  1.60572e-05    -0.209472    -0.977815  6.70339e-05  1.65922e-06 -6.89103e-05           -1
    0.975393    -0.220475  7.81504e-19    -0.220475    -0.975393  2.36564e-18  4.54062e-19 -2.30922e-18           -1  0.522786 0.0282839  0.651776    -0.110846     0.101413  -0.00137365  -0.00142001 -5.71141e-05    -0.547632    0.976588    -0.21512 1.89557e-05    -0.21512   -0.976588 7.74188e-05 1.85757e-06 -7.9684e-05          -1
    0.974119    -0.226034  7.80484e-19    -0.226034    -0.974119  2.36119e-18  4.45877e-19 -2.30226e-18           -1  0.521625 0.0293516  0.651766    -0.110078     0.101038   -0.0011069 -0.000879632  -2.7118e-05     -0.54492     0.975334    -0.220732   2.0543e-05    -0.220732    -0.975334  8.22802e-05  1.87442e-06 -8.47852e-05           -1
    0.972802    -0.231638  7.79429e-19    -0.231638    -0.972802   2.3567e-18  4.37654e-19 -2.29517e-18           -1 0.520477 0.030412  0.65176    -0.108895     0.100347  -0.00078867 -0.000229321  1.07018e-05    -0.540354      0.97406     -0.22629   2.0116e-05     -0.22629     -0.97406  8.06467e-05  1.34457e-06 -8.31067e-05           -1
    0.971439    -0.237288  7.78337e-19    -0.237288    -0.971439  2.35217e-18  4.29396e-19 -2.28798e-18           -1 0.519341 0.031465 0.651756    -0.107723    0.0996537 -0.000479986  0.000406465  4.66814e-05    -0.535796     0.972765    -0.231795  1.80498e-05    -0.231795    -0.972765  7.25622e-05  7.38641e-07 -7.47698e-05           -1
    0.970031     -0.24298  7.77209e-19     -0.24298    -0.970031  2.34761e-18  4.21106e-19 -2.28067e-18           -1 0.518213 0.032514 0.651755    -0.106984    0.0992718 -0.000246077  0.000898712  7.45868e-05    -0.533093     0.971445    -0.237264  1.41568e-05    -0.237264    -0.971445  5.96474e-05 -3.99603e-07 -6.13031e-05           -1
    0.968577    -0.248715  7.76043e-19    -0.248715    -0.968577  2.34302e-18  4.12784e-19 -2.27324e-18           -1  0.517085 0.0335649  0.651756    -0.107018    0.0994505 -0.000135857   0.00114181  8.46387e-05     -0.53373     0.970094    -0.242731  9.83635e-06    -0.242731    -0.970094  4.41583e-05 -1.17642e-06 -4.52252e-05           -1
    0.967075    -0.254491   7.7484e-19    -0.254491    -0.967075  2.33839e-18  4.04435e-19 -2.26571e-18           -1  0.515946 0.0346251  0.651756    -0.108015      0.10033 -0.000180421   0.00107238  7.93683e-05    -0.538545     0.968698    -0.248241  5.35186e-06    -0.248241    -0.968698  2.94159e-05 -2.11788e-06 -2.98236e-05           -1
    0.965526    -0.260308  7.73599e-19    -0.260308    -0.965526  2.33373e-18   3.9606e-19 -2.25805e-18           -1 0.514786 0.035702 0.651753   -0.109981    0.101913 -0.00037694 0.000687055 5.51473e-05    -0.54757     0.967248    -0.253834  2.15992e-06    -0.253834    -0.967248  1.83733e-05 -2.57461e-06 -1.83198e-05           -1
    0.963928    -0.266163  7.72319e-19    -0.266163    -0.963928  2.32904e-18  3.87663e-19 -2.25028e-18           -1  0.513598 0.0368018  0.651748    -0.112735      0.10407 -0.000697707  4.35922e-05   1.4837e-05    -0.560025     0.965731    -0.259546   8.9761e-07    -0.259546    -0.965731  1.36333e-05 -2.67163e-06 -1.33991e-05           -1
   0.962281   -0.272056 7.70999e-19   -0.272056   -0.962281 2.32431e-18 3.79244e-19 -2.2424e-18          -1  0.512376 0.0379279  0.651738    -0.115939     0.106558  -0.00108478 -0.000746198 -3.90274e-05    -0.574466     0.964139    -0.265396  2.33108e-06    -0.265396    -0.964139  1.65245e-05 -2.13804e-06 -1.65506e-05           -1
   0.960585   -0.277986  7.6964e-19   -0.277986   -0.960585 2.31956e-18 3.70807e-19 -2.2344e-18          -1  0.511119 0.0390807  0.651725     -0.11917     0.109072  -0.00146867  -0.00153721 -9.03929e-05    -0.589053     0.962471    -0.271384  6.39655e-06    -0.271384    -0.962471    2.707e-05 -1.18987e-06   -2.779e-05           -1
    0.958839    -0.283952  7.68241e-19    -0.283952    -0.958839  2.31478e-18  3.62354e-19 -2.22629e-18           -1  0.509833 0.0402569  0.651708    -0.121992       0.1113   -0.0017759  -0.00217532 -0.000132322    -0.601908     0.960728    -0.277492   1.2757e-05    -0.277492    -0.960728  4.36984e-05  1.30096e-07 -4.55222e-05           -1
    0.957041    -0.289952  7.66801e-19    -0.289952    -0.957041  2.30998e-18  3.53888e-19 -2.21806e-18           -1  0.508525 0.0414511   0.65169    -0.124041     0.112985  -0.00194316  -0.00252844 -0.000155909    -0.611467     0.958917    -0.283685  2.03513e-05    -0.283685    -0.958917  6.36542e-05  1.45748e-06 -6.68125e-05           -1
    0.955192    -0.295985   7.6532e-19    -0.295985    -0.955192  2.30514e-18  3.45411e-19 -2.20972e-18           -1  0.507206 0.0426556  0.651672    -0.125099     0.113971   -0.0019357  -0.00251411 -0.000150975    -0.616777    0.957051    -0.28992 2.78706e-05    -0.28992   -0.957051  8.3362e-05 2.50522e-06 -8.7862e-05          -1
    0.953292    -0.302051  7.63797e-19    -0.302051    -0.953292  2.30028e-18  3.36926e-19 -2.20126e-18           -1 0.505887 0.043863 0.651656    -0.125132     0.114234  -0.00174812  -0.00211794 -0.000115046    -0.617678     0.955141    -0.296152  3.40595e-05    -0.296152    -0.955141  9.90601e-05  3.19476e-06 -0.000104703           -1
    0.951339    -0.308148  7.62232e-19    -0.308148    -0.951339   2.2954e-18  3.28434e-19 -2.19269e-18           -1  0.504577 0.0450666  0.651643    -0.124298     0.113884  -0.00140887  -0.00139974 -6.15135e-05    -0.614837     0.953199    -0.302343  3.75974e-05    -0.302343    -0.953199  0.000107697  3.27648e-06 -0.000114024           -1
   0.949332   -0.314274 7.60624e-19   -0.314274   -0.949332 2.29049e-18 3.19939e-19  -2.184e-18          -1  0.503281 0.0462623  0.651635    -0.122921     0.113143 -0.000980929 -0.000487777  4.97004e-06    -0.609621     0.951234    -0.308469  3.76116e-05    -0.308469    -0.951234  0.000107463  2.62847e-06 -0.000113825           -1
   0.947273   -0.320429 7.58974e-19   -0.320429   -0.947273 2.28556e-18 3.11443e-19 -2.1752e-18          -1  0.502001 0.0474492  0.651631    -0.121426     0.112304 -0.000549105  0.000445389  7.56673e-05    -0.603839      0.94925    -0.314524  3.40902e-05    -0.314524     -0.94925  9.81243e-05  1.49766e-06 -0.000103867           -1
    0.945159    -0.326611  7.57281e-19    -0.326611    -0.945159   2.2806e-18  3.02948e-19 -2.16628e-18           -1  0.500733 0.0486294  0.651631    -0.120262     0.111676 -0.000196617   0.00121598  0.000132203    -0.599394     0.947241    -0.320522  2.72104e-05    -0.320522    -0.947241  8.14579e-05  -3.3418e-07 -8.58818e-05           -1
    0.942991     -0.33282  7.55543e-19     -0.33282    -0.942991  2.27563e-18  2.94456e-19 -2.15725e-18           -1  0.49947 0.049808 0.651633   -0.119813     0.11152 2.14643e-06   0.0016644 0.000163678   -0.597926       0.9452    -0.326492  1.86491e-05    -0.326492      -0.9452  6.03784e-05 -2.08596e-06 -6.31585e-05           -1
    0.940767    -0.339053  7.53762e-19    -0.339053    -0.940767  2.27064e-18  2.85971e-19 -2.14811e-18           -1  0.498201 0.0509918  0.651635   -0.120325    0.112008  1.9975e-06  0.00168765 0.000159276   -0.600501     0.943112    -0.332475  9.66427e-06    -0.332475    -0.943112  3.91817e-05 -3.91244e-06 -4.01658e-05           -1
    0.938489     -0.34531  7.51936e-19     -0.34531    -0.938489  2.26562e-18  2.77493e-19 -2.13885e-18           -1 0.496916 0.052188 0.651635     -0.12186     0.113184 -0.000205627    0.0012621  0.000119188    -0.607403     0.940962    -0.338513  2.50036e-06    -0.338513    -0.940962  2.19645e-05 -5.08255e-06 -2.15142e-05           -1
    0.936154     -0.35159  7.50066e-19     -0.35159    -0.936154  2.26059e-18  2.69027e-19 -2.12948e-18           -1 0.495606 0.053403 0.651631    -0.124283     0.114962 -0.000590075  0.000450432    4.894e-05    -0.618078     0.938734    -0.344643 -1.10137e-06    -0.344643    -0.938734  1.23364e-05 -5.28556e-06 -1.12011e-05           -1
   0.933763   -0.357892  7.4815e-19   -0.357892   -0.933763 2.25554e-18 2.60574e-19   -2.12e-18          -1  0.494264 0.0546411  0.651622    -0.127285     0.117137  -0.00108396 -0.000606954 -4.06416e-05    -0.631248     0.936417    -0.350888 -2.48407e-07    -0.350888    -0.936417  1.26978e-05 -4.68812e-06 -1.18033e-05           -1
    0.931316    -0.364213  7.46189e-19    -0.364213    -0.931316  2.25048e-18  2.52137e-19 -2.11041e-18           -1  0.492889 0.0559034  0.651607   -0.130445     0.11943 -0.00159752 -0.00171554  -0.0001329   -0.645142     0.934007    -0.357255  5.38448e-06    -0.357255    -0.934007  2.34677e-05 -3.35479e-06 -2.38426e-05           -1
   0.928811   -0.370554 7.44182e-19   -0.370554   -0.928811  2.2454e-18 2.43718e-19 -2.1007e-18          -1  0.491483 0.0571881  0.651588    -0.133306     0.121539  -0.00203173  -0.00266216 -0.000209328    -0.657835     0.931505    -0.363729   1.5505e-05    -0.363729    -0.931505  4.28919e-05 -1.15807e-06 -4.55937e-05           -1
    0.926249    -0.376912   7.4213e-19    -0.376912    -0.926249   2.2403e-18  2.35319e-19 -2.09088e-18           -1  0.490055 0.0584903  0.651567    -0.135462     0.123197  -0.00230128  -0.00325623 -0.000253117    -0.667616     0.928919    -0.370282  2.83198e-05    -0.370282    -0.928919  6.77613e-05  1.21596e-06 -7.34311e-05           -1
     0.92363    -0.383286  7.40031e-19    -0.383286     -0.92363   2.2352e-18  2.26942e-19 -2.08096e-18           -1  0.488615 0.0598034  0.651544    -0.136638     0.124221   -0.0023485  -0.00336684 -0.000256519    -0.673313     0.926265    -0.376873  4.16586e-05    -0.376873    -0.926265  9.35388e-05  3.33466e-06 -0.000102342           -1
    0.920952    -0.389676  7.37886e-19    -0.389676    -0.920952  2.23008e-18  2.18591e-19 -2.07092e-18           -1  0.487173 0.0611199  0.651524    -0.136744     0.124547  -0.00215764   -0.0029537 -0.000208573    -0.674516     0.923559    -0.383456  5.30559e-05    -0.383456    -0.923559  0.000115361  4.76456e-06 -0.000126887           -1
    0.918216     -0.39608  7.35693e-19     -0.39608    -0.918216  2.22494e-18  2.10267e-19 -2.06077e-18           -1  0.485741 0.0624332  0.651508     -0.13589     0.124242  -0.00175943  -0.00207726 -0.000114006    -0.671655     0.920819    -0.389991  6.02987e-05    -0.389991    -0.920819  0.000128929  5.24285e-06 -0.000142237           -1
    0.915422    -0.402496  7.33454e-19    -0.402496    -0.915422   2.2198e-18  2.01973e-19 -2.05051e-18           -1  0.484324 0.0637384  0.651498    -0.134365     0.123488  -0.00122242 -0.000889738 -1.42221e-06    -0.665923     0.918055    -0.396452  6.16614e-05    -0.396452    -0.918055  0.000131529  4.46351e-06 -0.000145197           -1
    0.912568    -0.408924  7.31168e-19    -0.408924    -0.912568  2.21465e-18  1.93711e-19 -2.04014e-18           -1  0.482926 0.0650337  0.651493    -0.132589     0.122548 -0.000651115  0.000385499  0.000120784    -0.659047     0.915276    -0.402827  5.65978e-05    -0.402827    -0.915276  0.000122421  2.48815e-06 -0.000134848           -1
    0.909656    -0.415363  7.28835e-19    -0.415363    -0.909656   2.2095e-18  1.85483e-19 -2.02967e-18           -1  0.481545 0.0663202  0.651494    -0.131025     0.121718 -0.000156117   0.00150256  0.000221307    -0.652966     0.912479    -0.409123  4.59551e-05    -0.409123    -0.912479  0.000103028 -2.17913e-07 -0.000112812           -1
    0.906684     -0.42181  7.26454e-19     -0.42181    -0.906684  2.20433e-18  1.77292e-19 -2.01909e-18           -1  0.480173 0.0676019  0.651498   -0.130098    0.121265 0.000162276  0.00223618 0.000280223   -0.649453     0.909654    -0.415367  3.13817e-05    -0.415367    -0.909654  7.70439e-05 -3.45495e-06 -8.31182e-05           -1
   0.903653   -0.428265 7.24025e-19   -0.428265   -0.903653 2.19916e-18 1.69139e-19 -2.0084e-18          -1  0.478801 0.0688849  0.651503   -0.130109    0.121384 0.000236093  0.00242883  0.00028334   -0.649787     0.906785    -0.421594  1.58561e-05    -0.421594    -0.906785  4.92701e-05 -6.39386e-06 -5.13622e-05           -1
    0.900563    -0.434727  7.21549e-19    -0.434727    -0.900563  2.19398e-18  1.61028e-19 -1.99761e-18           -1  0.477418 0.0701761  0.651506   -0.131179    0.122157 4.24433e-05  0.00202286 0.000226331   -0.654507     0.903851    -0.427846  2.42447e-06    -0.427846    -0.903851  2.51777e-05 -8.58085e-06 -2.37942e-05           -1
    0.897412    -0.441193  7.19025e-19    -0.441193    -0.897412   2.1888e-18  1.52959e-19 -1.98672e-18           -1  0.476014 0.0714819  0.651504    -0.133225     0.123539 -0.000391603   0.00107467  0.000120104    -0.663299     0.900835    -0.434162 -5.90824e-06    -0.434162    -0.900835  9.54611e-06  -9.4669e-06 -6.03433e-06           -1
    0.894202    -0.447664  7.16453e-19    -0.447664    -0.894202  2.18361e-18  1.44936e-19 -1.97572e-18           -1   0.47458 0.0728071  0.651496    -0.135975     0.125369 -0.000990362 -0.000251185 -2.11638e-05    -0.675068     0.897719    -0.440568 -7.10824e-06    -0.440568    -0.897719   5.7508e-06 -8.91482e-06 -2.03094e-06           -1
    0.890931    -0.454138  7.13832e-19    -0.454138    -0.890931  2.17843e-18  1.36961e-19 -1.96461e-18           -1  0.473114 0.0741538  0.651481    -0.139019     0.127399  -0.00164374  -0.00171197 -0.000170344    -0.688135     0.894497    -0.447074 -2.82798e-07    -0.447074    -0.894497   1.4869e-05 -6.90051e-06 -1.31738e-05           -1
    0.887601    -0.460613  7.11164e-19    -0.460613    -0.887601  2.17324e-18  1.29035e-19 -1.95341e-18           -1  0.471618 0.0755211   0.65146    -0.141888     0.129344  -0.00222679  -0.00302881 -0.000301684    -0.700557     0.891168    -0.453674   1.3909e-05    -0.453674    -0.891168  3.55183e-05 -3.71845e-06 -3.79629e-05           -1
   0.884211   -0.467088 7.08448e-19   -0.467088   -0.884211 2.16805e-18 1.21161e-19 -1.9421e-18          -1  0.470098 0.0769052  0.651436     -0.14414     0.130936  -0.00262911  -0.00394273 -0.000379185    -0.710497     0.887742    -0.460342  3.32589e-05    -0.460342    -0.887742  6.40867e-05  2.34988e-08 -7.22029e-05           -1
    0.88076   -0.473563 7.05683e-19   -0.473563    -0.88076 2.16286e-18 1.13342e-19 -1.9307e-18          -1  0.468565 0.0783003  0.651409    -0.145448     0.131971  -0.00276275  -0.00425995 -0.000395064    -0.716578     0.884236     -0.46704  5.44285e-05     -0.46704    -0.884236   9.5299e-05  3.61918e-06 -0.000109687           -1
   0.877249   -0.480035  7.0287e-19   -0.480035   -0.877249 2.15768e-18 1.05578e-19 -1.9192e-18          -1  0.467029 0.0796995  0.651385     -0.14566     0.132353  -0.00259823  -0.00389959 -0.000331052    -0.718132     0.880672    -0.473727  7.34635e-05    -0.473727    -0.880672  0.000123273  6.29956e-06 -0.000143365           -1
    0.873678    -0.486504  7.00009e-19    -0.486504    -0.873678   2.1525e-18  9.78721e-20 -1.90759e-18           -1 0.465502 0.081096 0.651365    -0.144831     0.132105  -0.00215715  -0.00290752 -0.000200382    -0.715349    0.877071    -0.48036 8.67088e-05    -0.48036   -0.877071 0.000142507 7.59513e-06 -0.00016664          -1
   0.870048   -0.492968   6.971e-19   -0.492968   -0.870048 2.14732e-18 9.02267e-20 -1.8959e-18          -1  0.463992 0.0824847  0.651352    -0.143211     0.131367  -0.00151768   -0.0014561 -2.64234e-05    -0.709226     0.873452     -0.48691  9.11541e-05     -0.48691    -0.873452  0.000149279  6.93318e-06 -0.000174772           -1
   0.866357   -0.499426 6.94143e-19   -0.499426   -0.866357 2.14214e-18 8.26434e-20 -1.8841e-18          -1  0.462504 0.0838628  0.651346    -0.141203     0.130368 -0.000800323   0.00018559  0.000164914    -0.701386     0.869825    -0.493361  8.55622e-05    -0.493361    -0.869825  0.000142039   4.3476e-06 -0.000165762           -1
