0.5665 -0.012 0.6521  0  0  0  0  0 -0 0.5665 -0.012 0.6521  9.73643e-18 -1.04266e-19  1.41772e-17 -2.66604e-18 -6.04327e-17  1.08395e-18            1 -4.36205e-19 -6.28154e-19 -4.36205e-19           -1 -3.85138e-19 -6.28154e-19  3.85138e-19           -1
  0.566489 -0.0119903     0.6521  -0.00210297   0.00194018 -1.39532e-05 -6.55609e-21 -1.26819e-21   -0.0104371 0.5665 -0.012 0.6521  7.41049e-18 -1.07931e-20  1.28508e-17 -4.64232e-20 -2.85256e-17  1.01422e-18            1 -4.19641e-19 -8.72232e-19 -4.19641e-19           -1 -3.81027e-19 -8.72232e-19  3.81027e-19           -1
  0.566458 -0.0119612     0.6521  -0.00419187   0.00386738 -2.78131e-05 -1.30683e-20 -2.52789e-21   -0.0208043 0.5665 -0.012 0.6521  2.12598e-17 -2.01544e-19  2.13094e-17  5.19808e-18  -2.2238e-16 -1.36363e-17            1 -5.26702e-19 -9.79474e-19 -5.26702e-19           -1 -4.88666e-19 -9.79474e-19  4.88666e-19           -1
 0.566406 -0.011913  0.652099   -0.0062667    0.0057816 -4.15797e-05 -1.95367e-20 -3.77912e-21   -0.0311018   0.566496 -0.0119961     0.6521  -0.00039701  0.000366353 -2.38701e-06  2.03915e-07  -2.0662e-06  -0.00187928            1 -1.98296e-05 -6.12226e-08 -1.98296e-05           -1  3.57331e-10 -6.12226e-08 -3.56117e-10           -1
  0.566333 -0.0118457   0.652099  -0.00832747   0.00768284 -5.52529e-05 -2.59612e-20 -5.02186e-21   -0.0413294   0.566484 -0.0119853     0.6521   -0.0011115   0.00102549 -6.87594e-06  4.60875e-07 -2.70024e-06  -0.00526782            1 -7.54207e-05 -7.23267e-08 -7.54207e-05           -1 -8.09401e-11 -7.23267e-08   8.6395e-11           -1
  0.566239 -0.0117594   0.652098   -0.0103742   0.00957111 -6.88328e-05 -3.23419e-20 -6.25611e-21   -0.0514872  0.566462 -0.011965    0.6521  -0.00207883   0.00191784 -1.44662e-05  7.75685e-07  9.18034e-07  -0.00986618            1 -0.000179544 -6.15262e-08 -0.000179544           -1 -2.65624e-09 -6.15257e-08  2.66729e-09           -1
  0.566125 -0.0116543   0.652097   -0.0124068    0.0114464 -8.23193e-05 -3.86787e-20 -7.48189e-21   -0.0615752   0.566428 -0.0119334   0.652099  -0.00324651   0.00299528 -2.24031e-05    1.182e-06  9.34063e-07   -0.0154319            1 -0.000342411 -2.24148e-08 -0.000342411           -1  -9.3546e-09 -2.24116e-08  9.36227e-09           -1
  0.565991 -0.0115305   0.652097   -0.0144254    0.0133087 -9.57126e-05 -4.49717e-20 -8.69918e-21   -0.0715934    0.56638 -0.0118889   0.652099 -0.00457246  0.00421895 -3.1663e-05 1.69665e-06  6.0804e-07  -0.0217686            1 -0.000572159 -5.56955e-08 -0.000572159           -1 -2.26016e-08 -5.56826e-08  2.26334e-08           -1
  0.565837 -0.0113881   0.652096   -0.0164299     0.015158 -0.000109012 -5.12208e-20 -9.90799e-21   -0.0815418   0.566316 -0.0118302   0.652099  -0.00602303   0.00555753 -4.11381e-05  2.32196e-06  1.30156e-06   -0.0287173            1 -0.000875249   2.1533e-08 -0.000875249           -1 -4.52498e-08  2.15726e-08  4.52309e-08           -1
  0.565663 -0.0112274   0.652094   -0.0184203    0.0169944 -0.000122219 -5.74261e-20 -1.11083e-20   -0.0914203   0.566236 -0.0117564   0.652098  -0.00757078   0.00698574 -5.08539e-05  3.02498e-06  2.62853e-06   -0.0361491     0.999999  -0.00125678  -5.8135e-08  -0.00125678    -0.999999 -7.96814e-08 -5.80349e-08  7.97544e-08           -1
  0.565468 -0.0110483   0.652093   -0.0203967    0.0188178 -0.000135332 -6.35875e-20 -1.23002e-20    -0.101229   0.566139 -0.0116668   0.652098  -0.00919311   0.00848322 -6.07678e-05  3.78338e-06 -6.82462e-07   -0.0439596     0.999999  -0.00172075 -5.94968e-10  -0.00172075    -0.999999 -1.28756e-07 -3.73411e-10  1.28757e-07           -1
  0.565255 -0.0108511   0.652092    -0.022359    0.0206282 -0.000148352 -6.97051e-20 -1.34835e-20    -0.110968   0.566024 -0.0115609   0.652097   -0.0108731    0.0100336 -7.26356e-05  4.53307e-06  3.45738e-06   -0.0520644     0.999997  -0.00227026  1.47374e-09  -0.00227026    -0.999997 -1.94209e-07  1.91464e-09  1.94205e-07           -1
  0.565021 -0.0106358    0.65209   -0.0243072    0.0224256 -0.000161279 -7.57788e-20 -1.46584e-20    -0.120637   0.565891 -0.0114381   0.652096   -0.0125958    0.0116236 -8.33453e-05  5.23264e-06  1.90404e-06    -0.060395     0.999996   -0.0029077 -1.94315e-08   -0.0029077    -0.999996 -2.77633e-07 -1.86241e-08  2.77688e-07           -1
  0.564769 -0.0104026   0.652088   -0.0262414      0.02421 -0.000174112 -8.18086e-20 -1.58248e-20    -0.130236    0.56574 -0.0112983   0.652095     -0.01435    0.0132427 -9.49118e-05  5.83498e-06  1.19144e-06   -0.0688958     0.999993  -0.00363486  4.97118e-08  -0.00363486    -0.999993 -3.80602e-07  5.10949e-08  3.80419e-07           -1
  0.564497 -0.0101516   0.652087   -0.0281615    0.0259815 -0.000186852 -8.77946e-20 -1.69827e-20    -0.139766    0.56557 -0.0111411   0.652094   -0.0161268    0.0148824 -0.000106449  6.26831e-06  3.08791e-06    -0.077522     0.99999 -0.00445307 8.17517e-10 -0.00445307    -0.99999 -5.0272e-07 3.05616e-09 5.02712e-07          -1
 0.564205 -0.009883  0.652085   -0.0300675      0.02774 -0.000199498 -9.37367e-20 -1.81321e-20    -0.149226    0.56538 -0.0109665   0.652093   -0.0179184    0.0165358 -0.000118353  6.50338e-06   3.5579e-06   -0.0862372     0.999986  -0.00536326 -3.69915e-08  -0.00536326    -0.999986  -6.4462e-07 -3.35337e-08  6.44809e-07           -1
   0.563895 -0.00959686    0.652083   -0.0319595    0.0294855 -0.000212052  -9.9635e-20 -1.92731e-20    -0.158616   0.565172 -0.0107744   0.652092   -0.0197189    0.0181975 -0.000130253  6.50392e-06  3.45867e-06   -0.0950119      0.99998  -0.00636607 -2.57945e-08  -0.00636607     -0.99998 -8.06318e-07 -2.06609e-08  8.06466e-07           -1
   0.563566 -0.00929333    0.652081   -0.0338374     0.031218 -0.000224512 -1.05489e-19 -2.04055e-20    -0.167936   0.564945 -0.0105646    0.65209   -0.0215238     0.019863 -0.000141678  6.23757e-06  2.22881e-06    -0.103822     0.999972  -0.00746185   2.1053e-08  -0.00746185    -0.999972 -9.87156e-07  2.84184e-08  9.86971e-07           -1
   0.563219 -0.00897254    0.652078   -0.0357012    0.0329376 -0.000236878   -1.113e-19 -2.15295e-20    -0.177186   0.564699 -0.0103373   0.652089   -0.0233293    0.0215288 -0.000153848  5.64264e-06   3.3485e-06    -0.112649     0.999963  -0.00865079 -4.79234e-08  -0.00865079    -0.999963 -1.18445e-06 -3.76751e-08  1.18482e-06           -1
   0.562852 -0.00863462    0.652076    -0.037551    0.0346442 -0.000249151 -1.17067e-19  -2.2645e-20    -0.186366   0.564434 -0.0100924   0.652087   -0.0251324    0.0231922 -0.000166428  4.70783e-06  5.61051e-06    -0.121476     0.999951  -0.00993288 -1.37707e-07  -0.00993288    -0.999951 -1.39755e-06 -1.23818e-07  1.39885e-06           -1
  0.562468 -0.0082797   0.652073   -0.0393867    0.0363378 -0.000261331  -1.2279e-19  -2.3752e-20    -0.195477    0.564149 -0.00982993    0.652085   -0.0269301    0.0248509 -0.000178536  3.45686e-06  3.29537e-06    -0.130291     0.999936    -0.011308 -1.26822e-07    -0.011308    -0.999936  -1.6266e-06  -1.0842e-07  1.62793e-06           -1
   0.562065 -0.00790791    0.652071   -0.0412083    0.0380184 -0.000273418 -1.28469e-19 -2.48506e-20    -0.204518    0.563846 -0.00955005    0.652084   -0.0287215    0.0265032 -0.000190995  1.82776e-06  5.83224e-06    -0.139084     0.999918   -0.0127759 -8.61783e-08   -0.0127759    -0.999918 -1.86917e-06  -6.2291e-08  1.87011e-06           -1
   0.561643 -0.00751938    0.652068   -0.0430159     0.039686 -0.000285411 -1.34104e-19 -2.59406e-20    -0.213489   0.563524 -0.0092528   0.652082   -0.0305045    0.0281476 -0.000204502 -1.79884e-07  9.41169e-06    -0.147846     0.999897   -0.0143362 -2.76412e-08   -0.0143362    -0.999897 -2.12326e-06   2.8012e-09  2.12344e-06           -1
   0.561204 -0.00711423    0.652065   -0.0448094    0.0413407 -0.000297311 -1.39695e-19 -2.70222e-20     -0.22239    0.563184 -0.00893828     0.65208   -0.0322778    0.0297831 -0.000214996 -2.53213e-06  4.37671e-06    -0.156571     0.999872   -0.0159886 -1.29887e-08   -0.0159886    -0.999872 -2.38564e-06  2.51559e-08  2.38554e-06           -1
   0.560747 -0.00669261    0.652062   -0.0465888    0.0429824 -0.000309118 -1.45243e-19 -2.80953e-20    -0.231221    0.562825 -0.00860659    0.652078   -0.0340408    0.0314088 -0.000227893 -5.34526e-06  6.50536e-06    -0.165253     0.999843   -0.0177326 -1.44598e-07   -0.0177326    -0.999843 -2.65137e-06 -9.75592e-08  2.65352e-06           -1
   0.560273 -0.00625463    0.652059   -0.0483542    0.0446111 -0.000320831 -1.50746e-19 -2.91599e-20    -0.239983    0.562447 -0.00825783    0.652075   -0.0357923    0.0330239 -0.000241275 -8.49771e-06    7.086e-06    -0.173888     0.999809   -0.0195676 -8.17873e-08   -0.0195676    -0.999809  -2.9263e-06  -2.4511e-08  2.92734e-06           -1
    0.55978 -0.00580043    0.652055   -0.0501055    0.0462268 -0.000332451 -1.56206e-19  -3.0216e-20    -0.248675    0.562051 -0.00789213    0.652073   -0.0375323     0.034628   -0.0002529 -1.20524e-05  6.34051e-06    -0.182472     0.999769   -0.0214931  -1.0689e-07   -0.0214931    -0.999769 -3.20137e-06 -3.80576e-08  3.20293e-06           -1
   0.559271 -0.00533014    0.652052   -0.0518427    0.0478296 -0.000343977 -1.61622e-19 -3.12636e-20    -0.257296    0.561637 -0.00750961     0.65207     -0.03926    0.0362207 -0.000266174 -1.60339e-05  8.70578e-06    -0.191002     0.999724   -0.0235086 -1.67198e-07   -0.0235086    -0.999724 -3.47531e-06  -8.5452e-08  3.47828e-06           -1
   0.558743 -0.00484388    0.652049   -0.0535659    0.0494194  -0.00035541 -1.66994e-19 -3.23028e-20    -0.265849    0.561204 -0.00711039    0.652068   -0.0409751    0.0378016 -0.000278843 -2.03884e-05  8.87137e-06    -0.199476     0.999672   -0.0256134 -2.26934e-07   -0.0256134    -0.999672 -3.74677e-06 -1.30892e-07  3.75136e-06           -1
   0.558199 -0.00434179    0.652045    -0.055275    0.0509962  -0.00036675 -1.72322e-19 -3.33334e-20    -0.274331   0.560754 -0.0066946   0.652065   -0.0426773    0.0393704 -0.000292147 -2.51448e-05  1.07463e-05    -0.207892     0.999613   -0.0278068 -2.70985e-07   -0.0278068    -0.999613 -4.01405e-06 -1.59262e-07  4.02004e-06           -1
 0.557638 -0.003824  0.652041     -0.05697      0.05256 -0.000377997 -1.77606e-19 -3.43556e-20    -0.282743    0.560286 -0.00626236    0.652062   -0.0443665    0.0409271 -0.000304547  -3.0261e-05  1.06697e-05    -0.216248     0.999547   -0.0300883 -2.93742e-07   -0.0300883    -0.999547 -4.27524e-06 -1.64974e-07  4.28215e-06           -1
    0.55706 -0.00329063    0.652037    -0.058651    0.0541108  -0.00038915 -1.82847e-19 -3.53693e-20    -0.291086     0.5598 -0.0058138   0.652059   -0.0460425    0.0424715 -0.000315703 -3.57142e-05   7.4823e-06    -0.224544     0.999473   -0.0324572 -2.99116e-07   -0.0324572    -0.999473 -4.52808e-06 -1.51989e-07   4.5354e-06           -1
   0.556465 -0.00274183    0.652033   -0.0603179    0.0556487  -0.00040021 -1.88044e-19 -3.63745e-20    -0.299359    0.559297 -0.00534906    0.652056    -0.047705    0.0440034 -0.000329621 -4.16364e-05  9.11112e-06    -0.232778      0.99939   -0.0349127 -4.23339e-07   -0.0349127     -0.99939 -4.76403e-06 -2.56756e-07   4.7759e-06           -1
  0.555854 -0.0021777   0.652029   -0.0619707    0.0571736 -0.000411177 -1.93196e-19 -3.73713e-20    -0.307562    0.558776 -0.00486827    0.652053   -0.0493544    0.0455228 -0.000342745 -4.79159e-05  1.16408e-05    -0.240949     0.999298   -0.0374541 -4.53081e-07   -0.0374541    -0.999298 -4.99052e-06 -2.65848e-07  5.00399e-06           -1
  0.555226 -0.0015984   0.652025   -0.0636095    0.0586855  -0.00042205 -1.98305e-19 -3.83595e-20    -0.315695    0.558238 -0.00437155     0.65205   -0.0509902    0.0470297 -0.000354956  -5.4494e-05  1.07791e-05    -0.249057     0.999196   -0.0400809 -4.13485e-07   -0.0400809    -0.999196 -5.20496e-06 -2.04533e-07  5.21735e-06           -1
   0.554581 -0.00100404    0.652021   -0.0652342    0.0601844  -0.00043283  -2.0337e-19 -3.93393e-20    -0.323759    0.557683 -0.00385905    0.652047   -0.0526127     0.048524 -0.000368307 -6.15721e-05  1.43088e-05    -0.257101     0.999084   -0.0427922 -5.80994e-07   -0.0427922    -0.999084 -5.38975e-06 -3.49823e-07  5.40967e-06           -1
    0.553921 -0.000394752     0.652017   -0.0668448    0.0616704 -0.000443516 -2.08392e-19 -4.03106e-20    -0.331752    0.557111 -0.00333089    0.652043   -0.0542213    0.0500058 -0.000381227  -6.8856e-05  1.30888e-05    -0.265081      0.99896   -0.0455873 -5.20105e-07   -0.0455873     -0.99896 -5.56753e-06 -2.65756e-07  5.58546e-06           -1
   0.553245 0.000229328    0.652012   -0.0684414    0.0631434  -0.00045411 -2.13369e-19 -4.12734e-20    -0.339676    0.556523 -0.00278721     0.65204   -0.0558166    0.0514749 -0.000392703 -7.65593e-05  1.24132e-05    -0.272996     0.998825   -0.0484655 -6.30549e-07   -0.0484655    -0.998825 -5.71237e-06 -3.52956e-07  5.73622e-06           -1
   0.552552 0.000868072    0.652007   -0.0700239    0.0646034  -0.00046461 -2.18302e-19 -4.22277e-20     -0.34753    0.555917 -0.00222814    0.652036   -0.0573983    0.0529314 -0.000405548 -8.46154e-05  1.23221e-05    -0.280847     0.998677    -0.051426 -7.22991e-07    -0.051426    -0.998677 -5.83334e-06 -4.22049e-07   5.8628e-06           -1
  0.551844 0.00152135   0.652003   -0.0715923    0.0660504 -0.000475016 -2.23192e-19 -4.31735e-20    -0.355314    0.555295 -0.00165381    0.652032   -0.0589665    0.0543754 -0.000418301 -9.30036e-05  1.34234e-05    -0.288632     0.998516   -0.0544681 -7.27551e-07   -0.0544681    -0.998516 -5.93377e-06  -4.0327e-07  5.96459e-06           -1
   0.55112 0.00218904   0.651998   -0.0731467    0.0674844 -0.000485329 -2.28038e-19 -4.41109e-20    -0.363028    0.554657 -0.00106436    0.652028   -0.0605211    0.0558067 -0.000430761  -0.00010174  1.33645e-05    -0.296352      0.99834   -0.0575911 -8.16235e-07   -0.0575911     -0.99834  -5.9991e-06 -4.69385e-07  6.03615e-06           -1
0.550381 0.002871 0.651993    -0.074687    0.0689055 -0.000495549  -2.3284e-19 -4.50398e-20    -0.370673    0.554002 -0.00045991    0.652024   -0.0620624    0.0572255 -0.000444441 -0.000110904  1.71084e-05    -0.304007      0.99815   -0.0607941 -9.23647e-07   -0.0607941     -0.99815 -6.03169e-06 -5.55247e-07  6.07668e-06           -1
 0.549627 0.0035671  0.651988   -0.0762132    0.0703136 -0.000505676 -2.37598e-19 -4.59602e-20    -0.378248    0.553331 0.000159397     0.65202     -0.06359    0.0586317  -0.00045803 -0.000120369  2.00409e-05    -0.311596     0.997945   -0.0640765 -9.92338e-07   -0.0640765    -0.997945 -6.03422e-06 -6.03647e-07  6.08541e-06           -1
  0.548857 0.00427723   0.651983   -0.0777254    0.0717087 -0.000515709 -2.42312e-19 -4.68721e-20    -0.385753    0.552645 0.000793432    0.652016   -0.0651041    0.0600254 -0.000470463 -0.000130145  1.99508e-05     -0.31912     0.997724   -0.0674374 -1.19171e-06   -0.0674374    -0.997724 -5.98958e-06 -7.85072e-07  6.05631e-06           -1
  0.548072 0.00500123   0.651978   -0.0792235    0.0730908 -0.000525649 -2.46983e-19 -4.77755e-20    -0.393188   0.551942 0.00144206   0.652012   -0.0666048    0.0614065 -0.000481981 -0.000140157  1.92563e-05    -0.326577     0.997485    -0.070876 -1.22787e-06    -0.070876    -0.997485 -5.92242e-06 -8.05022e-07  5.99456e-06           -1
0.547273 0.005739 0.651972   -0.0807075      0.07446 -0.000535496 -2.51609e-19 -4.86704e-20    -0.400553   0.551224 0.00210516   0.652007  -0.0680918   0.0627751 -0.00049437 -0.00015052 1.79397e-05   -0.333969     0.997229   -0.0743915 -1.38984e-06   -0.0743915    -0.997229 -5.80352e-06 -9.54258e-07  5.89083e-06           -1
  0.546458 0.00649039   0.651967   -0.0821775    0.0758162 -0.000545249 -2.56192e-19 -4.95569e-20    -0.407849    0.55049 0.00278259   0.652003   -0.0695656    0.0641313 -0.000506085 -0.000161168   1.8551e-05    -0.341295     0.996955   -0.0779832  -1.3888e-06   -0.0779832    -0.996955 -5.65996e-06 -9.43193e-07  5.75103e-06           -1
  0.545629 0.00725528   0.651962   -0.0836334    0.0771594 -0.000554909 -2.60731e-19 -5.04349e-20    -0.415074   0.549741 0.00347421   0.651998   -0.0710257    0.0654749 -0.000518601 -0.000172164  1.85565e-05    -0.348555     0.996661   -0.0816503 -1.51835e-06   -0.0816503    -0.996661 -5.45941e-06 -1.06752e-06  5.56515e-06           -1
  0.544786 0.00803354   0.651956   -0.0850752    0.0784896 -0.000564475 -2.65226e-19 -5.13044e-20     -0.42223   0.548977 0.00417991   0.651994   -0.0724725    0.0668061  -0.00053236 -0.000183567  2.27853e-05     -0.35575     0.996347   -0.0853919 -1.59471e-06   -0.0853919    -0.996347 -5.21926e-06  -1.1432e-06  5.33637e-06           -1
  0.543928 0.00882503    0.65195    -0.086503    0.0798068 -0.000573949 -2.69677e-19 -5.21654e-20    -0.429316   0.548198 0.00489955   0.651989   -0.0739058    0.0681248 -0.000544719 -0.000195179  2.40169e-05    -0.362878     0.996013   -0.0892073 -1.68295e-06   -0.0892073    -0.996013 -4.93056e-06  -1.2364e-06  5.06103e-06           -1
  0.543056 0.00962963   0.651944   -0.0879167    0.0811111 -0.000583329 -2.74084e-19 -5.30179e-20    -0.436332   0.547403 0.00563299   0.651984   -0.0753257     0.069431 -0.000556715 -0.000207093   2.4562e-05    -0.369941     0.995657   -0.0930955 -1.83014e-06   -0.0930955    -0.995657 -4.58507e-06 -1.39534e-06  4.73554e-06           -1
 0.542169 0.0104472  0.651939   -0.0893163    0.0824024 -0.000592615 -2.78447e-19  -5.3862e-20    -0.443279   0.546594 0.00638011   0.651979   -0.0767322    0.0707248 -0.000568182  -0.00021927  2.42635e-05    -0.376937     0.995279   -0.0970558 -1.98422e-06   -0.0970558    -0.995279 -4.18692e-06 -1.56848e-06  4.35973e-06           -1
 0.541269 0.0112776  0.651933   -0.0907019    0.0836807 -0.000601809 -2.82767e-19 -5.46975e-20    -0.450155    0.54577 0.00714078   0.651974   -0.0781253    0.0720062 -0.000580126 -0.000231739  2.53992e-05    -0.383868     0.994878    -0.101087 -2.07181e-06    -0.101087    -0.994878 -3.74396e-06 -1.68273e-06  3.93422e-06           -1
 0.540355 0.0121208  0.651927   -0.0920734     0.084946 -0.000610908 -2.87043e-19 -5.55246e-20    -0.456962   0.544932 0.00791486   0.651969   -0.0795049    0.0732752 -0.000592205  -0.00024444  2.55747e-05    -0.390732     0.994452    -0.105189 -2.14961e-06    -0.105189    -0.994452 -3.24745e-06 -1.79609e-06  3.45555e-06           -1
 0.539428 0.0129765   0.65192   -0.0934308    0.0861984 -0.000619915 -2.91275e-19 -5.63432e-20    -0.463699   0.544079 0.00870222   0.651963   -0.0808711    0.0745317 -0.000604387 -0.000257539  2.68745e-05    -0.397531     0.994002    -0.109361 -2.38173e-06    -0.109361    -0.994002  -2.6709e-06 -2.07535e-06  2.91535e-06           -1
 0.538487 0.0138447  0.651914   -0.0947742    0.0874378 -0.000628828 -2.95463e-19 -5.71533e-20    -0.470366   0.543212 0.00950273   0.651958  -0.0822241   0.0757759 -0.00061654 -0.00027087  2.9255e-05   -0.404264     0.993526    -0.113601 -2.47242e-06    -0.113601    -0.993526 -2.05587e-06 -2.22286e-06  2.32343e-06           -1
 0.537532 0.0147252  0.651908   -0.0961035    0.0886642 -0.000637648 -2.99607e-19 -5.79549e-20    -0.476964  0.542331 0.0103163  0.651952   -0.0835636    0.0770077 -0.000629242 -0.000284578  3.23169e-05    -0.410931     0.993024    -0.117909 -2.70146e-06    -0.117909    -0.993024  -1.3575e-06 -2.52256e-06  1.66656e-06           -1
 0.536565 0.0156179  0.651901   -0.0974187    0.0898776 -0.000646375 -3.03707e-19 -5.87481e-20    -0.483491  0.541435 0.0111427  0.651947   -0.0848896    0.0782271   -0.0006401 -0.000298258  3.13534e-05    -0.417531     0.992495    -0.122283 -2.76073e-06    -0.122283    -0.992495 -6.23512e-07 -2.66377e-06  9.56424e-07           -1
 0.535584 0.0165227  0.651895   -0.0987199     0.091078 -0.000655008 -3.07763e-19 -5.95328e-20    -0.489949  0.540526 0.0119819  0.651941   -0.0862023    0.0794341 -0.000652169 -0.000312371  3.30191e-05    -0.424066     0.991938    -0.126724 -2.92395e-06    -0.126724    -0.991938   1.9288e-07 -2.92482e-06  1.79211e-07           -1
  0.53459 0.0174395  0.651888    -0.100007    0.0922655 -0.000663548 -3.11776e-19 -6.03089e-20    -0.496337  0.539604 0.0128337  0.651936   -0.0875016    0.0806287  -0.00066419 -0.000326671  3.49815e-05    -0.430534     0.991352     -0.13123 -2.99541e-06     -0.13123    -0.991352   1.0605e-06 -3.10867e-06 -6.58242e-07           -1
0.533584 0.018368 0.651882     -0.10128      0.09344 -0.000671995 -3.15745e-19 -6.10766e-20    -0.502655 0.538667 0.013698  0.65193   -0.0887876     0.081811 -0.000674576  -0.00034113  3.43205e-05    -0.436937     0.990736      -0.1358 -3.13284e-06      -0.1358    -0.990736  2.00838e-06 -3.37655e-06 -1.56433e-06           -1
 0.532565 0.0193082  0.651875    -0.102539    0.0946015 -0.000680348  -3.1967e-19 -6.18359e-20    -0.508903  0.537718 0.0145747  0.651924   -0.0900603    0.0829809 -0.000686591 -0.000356024  3.81016e-05    -0.443274      0.99009    -0.140434 -3.25274e-06    -0.140434     -0.99009  3.02369e-06 -3.64513e-06 -2.53693e-06           -1
0.531533  0.02026 0.651868    -0.103784      0.09575 -0.000688608 -3.23551e-19 -6.25866e-20    -0.515082  0.536755 0.0154636  0.651918   -0.0913194    0.0841385 -0.000697062 -0.000370863  3.63305e-05    -0.449544     0.989413     -0.14513 -3.38992e-06     -0.14513    -0.989413  4.11488e-06 -3.95122e-06 -3.57934e-06           -1
 0.530489 0.0212232  0.651861    -0.105015    0.0968856 -0.000696774 -3.27388e-19 -6.33288e-20     -0.52119  0.535779 0.0163647  0.651912   -0.0925652    0.0852837 -0.000709742 -0.000386271  4.08911e-05    -0.455749     0.988703    -0.149887 -3.56537e-06    -0.149887    -0.988703   5.2889e-06 -4.31783e-06 -4.69475e-06           -1
 0.529433 0.0221977  0.651854    -0.106231    0.0980082 -0.000704848 -3.31181e-19 -6.40626e-20    -0.527229   0.53479 0.0172777  0.651905   -0.0937977    0.0864165 -0.000720518 -0.000401664  4.17805e-05    -0.461888     0.987961    -0.154705 -3.68453e-06    -0.154705    -0.987961  6.52788e-06 -4.65007e-06 -5.87928e-06           -1
 0.528365 0.0231833  0.651847    -0.107434    0.0991178 -0.000712828 -3.34931e-19 -6.47879e-20    -0.533198  0.533788 0.0182026  0.651899   -0.0950167     0.087537 -0.000731073  -0.00041714  4.09521e-05    -0.467961     0.987185    -0.159582  -3.7854e-06    -0.159582    -0.987185  7.84087e-06 -4.98815e-06 -7.13631e-06           -1
0.527284  0.02418  0.65184    -0.108623     0.100214 -0.000720714 -3.38636e-19 -6.55047e-20    -0.539097  0.532773 0.0191391  0.651893   -0.0962224    0.0886452 -0.000742547 -0.000432962  4.30272e-05    -0.473967     0.986374    -0.164518 -3.86319e-06    -0.164518    -0.986374   9.2285e-06  -5.3288e-06 -8.46719e-06           -1
 0.526192 0.0251875  0.651833    -0.109797     0.101298 -0.000728508 -3.42298e-19  -6.6213e-20    -0.544927  0.531746 0.0200873  0.651886   -0.0974147    0.0897411 -0.000753216 -0.000448837  4.29602e-05    -0.479908     0.985528    -0.169512 -3.95069e-06    -0.169512    -0.985528  1.06992e-05 -5.70716e-06 -9.87468e-06           -1
 0.525088 0.0262059  0.651825    -0.110958     0.102369 -0.000736207 -3.45916e-19 -6.69129e-20    -0.550686  0.530707 0.0210469   0.65188   -0.0985939    0.0908245 -0.000764252 -0.000465173  4.73604e-05    -0.485784     0.984646    -0.174562 -4.04507e-06    -0.174562    -0.984646  1.22556e-05 -6.12233e-06 -1.13613e-05           -1
 0.523973 0.0272349  0.651818    -0.112104     0.103426 -0.000743814  -3.4949e-19 -6.76042e-20    -0.556376  0.529655 0.0220179  0.651873   -0.0997595    0.0918957 -0.000774323 -0.000481353  4.63032e-05    -0.491592     0.983727    -0.179668 -4.16685e-06    -0.179668    -0.983727  1.39036e-05 -6.59708e-06 -1.29287e-05           -1
 0.522846 0.0282744   0.65181    -0.113237     0.104471 -0.000751327  -3.5302e-19 -6.82871e-20    -0.561996  0.528591 0.0230001  0.651867    -0.100912    0.0929545 -0.000785042 -0.000497879  4.92256e-05    -0.497335     0.982771    -0.184829 -4.19299e-06    -0.184829    -0.982771  1.56141e-05 -7.00669e-06 -1.45701e-05           -1
 0.521708 0.0293243  0.651803    -0.114355     0.105503 -0.000758747 -3.56507e-19 -6.89615e-20    -0.567546  0.527515 0.0239933   0.65186    -0.102051     0.094001 -0.000796514 -0.000514726  5.29764e-05    -0.503012     0.981776    -0.190043 -4.35533e-06    -0.190043    -0.981776  1.74488e-05   -7.592e-06 -1.63031e-05           -1
 0.520559 0.0303844  0.651795    -0.115459     0.106522 -0.000766074 -3.59949e-19 -6.96274e-20    -0.573027  0.526427 0.0249975  0.651853    -0.103176    0.0950352 -0.000805874 -0.000531111  5.01597e-05    -0.508623     0.980741     -0.19531 -4.30309e-06     -0.19531    -0.980741   1.9317e-05 -7.99303e-06 -1.81045e-05           -1
 0.519399 0.0314546  0.651787    -0.116549     0.107527 -0.000773307 -3.63348e-19 -7.02848e-20    -0.578437  0.525327 0.0260124  0.651846    -0.104288    0.0960571 -0.000815888 -0.000548078  5.26012e-05    -0.514168     0.979667    -0.200629 -4.37832e-06    -0.200629    -0.979667  2.13105e-05  -8.5648e-06 -1.99988e-05           -1
 0.518228 0.0325349   0.65178    -0.117625      0.10852 -0.000780447 -3.66703e-19 -7.09337e-20    -0.583778  0.524216 0.0270381  0.651839    -0.105387    0.0970666 -0.000826476 -0.000565153   5.4892e-05    -0.519647     0.978552    -0.205999 -4.44147e-06    -0.205999    -0.978552  2.33949e-05 -9.16552e-06 -2.19782e-05           -1
0.517047 0.033625 0.651772    -0.118688       0.1095 -0.000787494 -3.70013e-19 -7.15742e-20    -0.589049  0.523094 0.0280743  0.651832    -0.106473    0.0980638  -0.00083616 -0.000582184  5.63425e-05     -0.52506     0.977396    -0.211418 -4.36301e-06    -0.211418    -0.977396  2.55324e-05  -9.6624e-06 -2.40328e-05           -1
 0.515855 0.0347248  0.651764    -0.119735     0.110467 -0.000794447 -3.73281e-19 -7.22062e-20     -0.59425   0.52196 0.0291209  0.651825    -0.107545    0.0990487 -0.000846793 -0.000599512  5.92895e-05    -0.530407     0.976197    -0.216886  -4.3719e-06    -0.216886    -0.976197  2.77914e-05 -1.02954e-05 -2.61817e-05           -1
 0.514652 0.0358343  0.651756    -0.120769     0.111421 -0.000801307 -3.76504e-19 -7.28297e-20    -0.599381  0.520815 0.0301778  0.651817    -0.108604     0.100021 -0.000855675 -0.000616654  5.85852e-05    -0.535688     0.974955    -0.222401  -4.4045e-06    -0.222401    -0.974955  3.01571e-05 -1.10012e-05 -2.84223e-05           -1
 0.513439 0.0369532  0.651748    -0.121789     0.112362 -0.000808074 -3.79683e-19 -7.34447e-20    -0.604442  0.519659 0.0312449   0.65181    -0.109649     0.100982 -0.000865789 -0.000634063  6.08662e-05    -0.540903      0.97367    -0.227962 -4.35744e-06    -0.227962     -0.97367  3.25963e-05 -1.16734e-05 -3.07447e-05           -1
 0.512216 0.0380815   0.65174    -0.122795      0.11329 -0.000814747 -3.82819e-19 -7.40512e-20    -0.609434 0.518492 0.032322 0.651803    -0.110681     0.101929 -0.000875329  -0.00065142  6.28887e-05    -0.546052      0.97234    -0.233569 -4.15704e-06    -0.233569     -0.97234  3.50853e-05 -1.22369e-05 -3.31439e-05           -1
0.510984 0.039219 0.651732    -0.123787     0.114204 -0.000821327  -3.8591e-19 -7.46492e-20    -0.614356 0.517314 0.033409 0.651795      -0.1117     0.102865 -0.000885128 -0.000668989  6.48471e-05    -0.551135     0.970965    -0.239221 -4.12669e-06    -0.239221    -0.970965   3.7733e-05 -1.30334e-05 -3.56503e-05           -1
 0.509741 0.0403655  0.651723    -0.124764     0.115106 -0.000827813 -3.88958e-19 -7.52388e-20    -0.619208  0.516126 0.0345057  0.651788    -0.112705     0.103788 -0.000893336 -0.000686243  6.34205e-05    -0.556152     0.969544    -0.244915 -3.99732e-06    -0.244915    -0.969544  4.04508e-05 -1.37826e-05 -3.82398e-05           -1
0.508488 0.041521 0.651715    -0.125728     0.115995 -0.000834207 -3.91962e-19 -7.58199e-20     -0.62399  0.514927 0.0356121   0.65178    -0.113697     0.104699 -0.000903347 -0.000704028  6.79728e-05    -0.561103     0.968077    -0.250652 -3.82691e-06    -0.250652    -0.968077  4.32571e-05 -1.45472e-05  -4.0917e-05           -1
 0.507226 0.0426854  0.651707    -0.126677     0.116871 -0.000840507 -3.94922e-19 -7.63925e-20    -0.628703 0.513718 0.036728 0.651772    -0.114675     0.105598 -0.000912933  -0.00072171  7.05527e-05    -0.565989     0.966563     -0.25643 -3.67296e-06     -0.25643    -0.966563  4.61759e-05  -1.5391e-05   -4.369e-05           -1
 0.505955 0.0438584  0.651698    -0.127613     0.117734 -0.000846713 -3.97838e-19 -7.69566e-20    -0.633345  0.512499 0.0378533  0.651765     -0.11564     0.106485 -0.000921857  -0.00073922  7.10892e-05    -0.570807     0.965001    -0.262247  -3.4686e-06    -0.262247    -0.965001  4.91847e-05 -1.62457e-05 -4.65536e-05           -1
0.504674  0.04504  0.65169    -0.128534     0.118584 -0.000852827 -4.00711e-19 -7.75122e-20    -0.637918   0.51127 0.0389878  0.651757    -0.116592     0.107359 -0.000931137 -0.000756892  7.40546e-05     -0.57556      0.96339    -0.268103 -3.19183e-06    -0.268103     -0.96339   5.2272e-05 -1.70893e-05 -4.95026e-05           -1
 0.503384 0.0462301  0.651681    -0.129441     0.119422 -0.000858846 -4.03539e-19 -7.80593e-20    -0.642421  0.510031 0.0401315  0.651749    -0.117531      0.10822 -0.000939832 -0.000774612   7.6062e-05    -0.580248      0.96173    -0.273997 -3.07005e-06    -0.273997     -0.96173  5.55298e-05 -1.81676e-05 -5.25635e-05           -1
 0.502085 0.0474284  0.651673    -0.130335     0.120246 -0.000864773 -4.06324e-19  -7.8598e-20    -0.646854  0.508782 0.0412841  0.651741    -0.118456      0.10907 -0.000948426 -0.000792014  7.66664e-05    -0.584868     0.960021    -0.279928 -2.70803e-06    -0.279928    -0.960021  5.88042e-05 -1.90607e-05 -5.56952e-05           -1
 0.500778 0.0486349  0.651664    -0.131214     0.121057 -0.000870606 -4.09065e-19 -7.91282e-20    -0.651217  0.507523 0.0424456  0.651733    -0.119367     0.109907 -0.000956715 -0.000809488  7.78022e-05    -0.589424     0.958261    -0.285894 -2.37821e-06    -0.285894    -0.958261  6.22018e-05 -2.00621e-05 -5.89257e-05           -1
 0.499461 0.0498495  0.651655    -0.132079     0.121855 -0.000876346 -4.11762e-19 -7.96499e-20    -0.655511  0.506255 0.0436158  0.651725    -0.120266     0.110732 -0.000966675  -0.00082747  8.39748e-05    -0.593913     0.956451    -0.291894 -1.99335e-06    -0.291894    -0.956451  6.56885e-05 -2.10806e-05 -6.22459e-05           -1
0.498136 0.051072 0.651646     -0.13293      0.12264 -0.000881993 -4.14415e-19 -8.01631e-20    -0.659734  0.504978 0.0447947  0.651717    -0.121151     0.111544  -0.00097398 -0.000844671  8.28673e-05    -0.598336     0.954589    -0.297927 -1.68726e-06    -0.297927    -0.954589   6.9323e-05 -2.22638e-05 -6.56723e-05           -1
 0.496803 0.0523023  0.651638    -0.133767     0.123412 -0.000887546 -4.17024e-19 -8.06678e-20    -0.663888 0.503692 0.045982 0.651708    -0.122022     0.112345 -0.000982908 -0.000862072  8.57064e-05    -0.602693     0.952675    -0.303992 -1.14465e-06    -0.303992    -0.952675  7.29672e-05 -2.32719e-05 -6.91661e-05           -1
 0.495461 0.0535402  0.651629     -0.13459     0.124171 -0.000893006  -4.1959e-19 -8.11641e-20    -0.667972  0.502396 0.0471776    0.6517     -0.12288     0.113133 -0.000990655 -0.000879391   8.7105e-05    -0.606984     0.950708    -0.310088 -7.18532e-07    -0.310088    -0.950708  7.67803e-05 -2.44917e-05 -7.27728e-05           -1
 0.494111 0.0547857   0.65162    -0.135399     0.124918 -0.000898373 -4.22111e-19 -8.16518e-20    -0.671987  0.501092 0.0483814  0.651692    -0.123725     0.113908 -0.000997733 -0.000896338  8.66712e-05    -0.611209     0.948688    -0.316213 -2.06702e-07    -0.316213    -0.948688  8.06689e-05 -2.57046e-05 -7.64642e-05           -1
 0.492753 0.0560385  0.651611    -0.136193     0.125651 -0.000903646 -4.24589e-19 -8.21311e-20    -0.675931  0.499779 0.0495934  0.651683    -0.124556     0.114672  -0.00100599 -0.000913474  8.86362e-05    -0.615368     0.946615    -0.322367  4.02704e-07    -0.322367    -0.946615  8.46286e-05 -2.69002e-05 -8.02405e-05           -1
 0.491387 0.0572986  0.651602    -0.136974     0.126371 -0.000908826 -4.27023e-19 -8.26019e-20    -0.679806  0.498457 0.0508132  0.651675    -0.125375     0.115423  -0.00101523 -0.000931148  9.49603e-05    -0.619461     0.944487    -0.328548  8.78494e-07    -0.328548    -0.944487  8.87715e-05 -2.83359e-05 -8.41322e-05           -1
 0.490013 0.0585659  0.651592    -0.137741     0.127078 -0.000913913 -4.29413e-19 -8.30642e-20    -0.683611  0.497126 0.0520409  0.651666    -0.126179     0.116162  -0.00102211 -0.000947832  9.53228e-05    -0.623488     0.942305    -0.334754  1.53782e-06    -0.334754    -0.942305  9.29419e-05 -2.96636e-05 -8.80945e-05           -1
 0.488632 0.0598402  0.651583    -0.138493     0.127773 -0.000918906 -4.31759e-19 -8.35181e-20    -0.687346  0.495788 0.0532763  0.651658     -0.12697     0.116888  -0.00102996 -0.000964603  9.70222e-05    -0.627449     0.940068    -0.340986  2.20247e-06    -0.340986    -0.940068  9.72303e-05 -3.10837e-05 -9.21541e-05           -1
 0.487244 0.0611213  0.651574    -0.139232     0.128454 -0.000923806 -4.34061e-19 -8.39634e-20    -0.691011  0.494441 0.0545192  0.651649    -0.127749     0.117602  -0.00103806 -0.000981531  0.000100914    -0.631343     0.937776    -0.347241  2.97201e-06    -0.347241    -0.937776  0.000101584 -3.24871e-05 -9.62952e-05           -1
 0.485848 0.0624092  0.651565    -0.139956     0.129122 -0.000928613  -4.3632e-19 -8.44003e-20    -0.694606  0.493086 0.0557696   0.65164    -0.128513     0.118304  -0.00104501 -0.000997972  0.000102591    -0.635171     0.935428    -0.353518  3.77239e-06    -0.353518    -0.935428   0.00010604 -3.39585e-05 -0.000100527           -1
 0.484444 0.0637037  0.651556    -0.140667     0.129778 -0.000933326 -4.38534e-19 -8.48287e-20    -0.698132  0.491723 0.0570273  0.651632   -0.129264    0.118994 -0.00105234 -0.00101432 0.000103721   -0.638934     0.933023    -0.359817  4.50506e-06    -0.359817    -0.933023  0.000110655 -3.56122e-05 -0.000104865           -1
 0.483034 0.0650047  0.651546    -0.141363      0.13042 -0.000937946 -4.40705e-19 -8.52486e-20    -0.701587  0.490353 0.0582921  0.651623   -0.130002    0.119671 -0.00105846 -0.00103015  0.00010335   -0.642631     0.930562    -0.366136   5.4229e-06    -0.366136    -0.930561   0.00011529 -3.71655e-05  -0.00010927           -1
 0.481617 0.0663121  0.651537    -0.142045      0.13105 -0.000942472 -4.42832e-19   -8.566e-20    -0.704973 0.488974 0.059564 0.651614   -0.130726    0.120336 -0.00106661  -0.0010466 0.000108544   -0.646261     0.928043    -0.372473  6.34547e-06    -0.372473    -0.928043  0.000120043  -3.8824e-05 -0.000113769           -1
 0.480193 0.0676257  0.651527    -0.142713     0.131666 -0.000946906 -4.44915e-19 -8.60629e-20     -0.70829  0.487589 0.0608427  0.651605   -0.131437    0.120989 -0.00107375 -0.00106255 0.000111518   -0.649826     0.925467    -0.378828  7.30225e-06    -0.378828    -0.925467    0.0001249 -4.05575e-05 -0.000118357           -1
 0.478763 0.0689453  0.651518    -0.143367      0.13227 -0.000951246 -4.46954e-19 -8.64574e-20    -0.711536  0.486196 0.0621283  0.651596   -0.132135    0.121629  -0.0010802 -0.00107788 0.000111412   -0.653324     0.922834    -0.385198  8.34568e-06    -0.385198    -0.922834  0.000129828 -4.23077e-05 -0.000123024           -1
0.477326 0.070271 0.651508    -0.144008      0.13286 -0.000955492  -4.4895e-19 -8.68433e-20    -0.714712  0.484795 0.0634205  0.651587   -0.132819    0.122258 -0.00108726 -0.00109357 0.000115123   -0.656756     0.920142    -0.391584  9.42533e-06    -0.391584    -0.920142  0.000134856  -4.4135e-05 -0.000127778           -1
 0.475883 0.0716025  0.651499    -0.144633     0.133438 -0.000959646 -4.50901e-19 -8.72208e-20    -0.717819  0.483388 0.0647192  0.651578    -0.13349    0.122873 -0.00109315 -0.00110872 0.000117438   -0.660122     0.917392    -0.397984  1.06685e-05    -0.397984    -0.917392  0.000139908 -4.58939e-05 -0.000132596           -1
 0.474434 0.0729397  0.651489    -0.145245     0.134002 -0.000963706 -4.52809e-19 -8.75898e-20    -0.720856  0.481974 0.0660244  0.651569   -0.134148    0.123477 -0.00110033 -0.00112381 0.000119983   -0.663421     0.914584    -0.404396  1.18582e-05    -0.404396    -0.914584  0.000145114 -4.78384e-05 -0.000137515           -1
 0.472978 0.0742825  0.651479    -0.145843     0.134554 -0.000967672 -4.54673e-19 -8.79504e-20    -0.723823  0.480552 0.0673357   0.65156   -0.134792    0.124068 -0.00110754 -0.00113895 0.000124355   -0.666655     0.911717    -0.410819  1.31329e-05    -0.410819    -0.911717   0.00015039 -4.98096e-05 -0.000142508           -1
 0.471517 0.0756307   0.65147    -0.146427     0.135092 -0.000971546 -4.56492e-19 -8.83024e-20     -0.72672  0.479125 0.0686532  0.651551   -0.135423    0.124647 -0.00111339 -0.00115339 0.000126134   -0.669823      0.90879    -0.417253   1.4465e-05    -0.417253     -0.90879   0.00015575 -5.18416e-05  -0.00014758           -1
  0.47005 0.0769843   0.65146    -0.146997     0.135618 -0.000975326 -4.58269e-19  -8.8646e-20    -0.729548   0.47769 0.0699767  0.651541    -0.13604    0.125214 -0.00112033 -0.00116782 0.000128817   -0.672924     0.905805    -0.423695  1.58276e-05    -0.423695    -0.905805  0.000161213 -5.39687e-05 -0.000152734           -1
0.468577 0.078343  0.65145    -0.147552      0.13613 -0.000979012 -4.60001e-19  -8.8981e-20    -0.732305   0.47625 0.0713061  0.651532   -0.136644    0.125769 -0.00112579 -0.00118155 0.000129383    -0.67596      0.90276    -0.430145   1.7292e-05    -0.430145     -0.90276   0.00016673 -5.61077e-05 -0.000157956           -1
 0.467099 0.0797069   0.65144    -0.148094      0.13663 -0.000982605 -4.61689e-19 -8.93076e-20    -0.734993  0.474803 0.0726412  0.651523   -0.137234    0.126311 -0.00113161 -0.00119539 0.000131955   -0.678928     0.899655    -0.436601  1.88436e-05    -0.436601    -0.899655  0.000172313 -5.82793e-05 -0.000163249           -1
 0.465615 0.0810756  0.651431    -0.148621     0.137117 -0.000986105 -4.63334e-19 -8.96257e-20    -0.737611  0.47335 0.073982 0.651513   -0.137812    0.126841  -0.0011374 -0.00120895 0.000134157   -0.681832     0.896491    -0.443062  2.03666e-05    -0.443062    -0.896491  0.000178036 -6.06226e-05 -0.000168631           -1
 0.464126 0.0824492  0.651421    -0.149135      0.13759 -0.000989512 -4.64934e-19 -8.99354e-20    -0.740159  0.471891 0.0753282  0.651504   -0.138375    0.127359 -0.00114266 -0.00122194  0.00013532   -0.684668     0.893267    -0.449527  2.20403e-05    -0.449527    -0.893267  0.000183774 -6.29235e-05 -0.000174067           -1
 0.462632 0.0838274  0.651411    -0.149634     0.138051 -0.000992825 -4.66491e-19 -9.02365e-20    -0.742638  0.470426 0.0766797  0.651494   -0.138926    0.127864 -0.00114943 -0.00123523 0.000139978    -0.68744     0.889983    -0.455994  2.37761e-05    -0.455994    -0.889983   0.00018959 -6.52917e-05 -0.000179574           -1
 0.461134 0.0852101  0.651401    -0.150119     0.138499 -0.000996045 -4.68004e-19 -9.05292e-20    -0.745046  0.468956 0.0780365  0.651485   -0.139463    0.128357 -0.00115554 -0.00124824 0.000143932   -0.690144     0.886639    -0.462463  2.54623e-05    -0.462463    -0.886639  0.000195568 -6.78669e-05 -0.000185173           -1
  0.45963 0.0865973  0.651391    -0.150591     0.138934 -0.000999172 -4.69473e-19 -9.08133e-20    -0.747385   0.46748 0.0793984  0.651475   -0.139986    0.128838 -0.00116068 -0.00126036 0.000145021   -0.692781     0.883235    -0.468931   2.7387e-05    -0.468931    -0.883235  0.000201478 -7.02901e-05 -0.000190795           -1
 0.458122 0.0879888  0.651381    -0.151048     0.139355  -0.00100221 -4.70898e-19  -9.1089e-20    -0.749654  0.465998 0.0807652  0.651466   -0.140497    0.129307 -0.00116568 -0.00127277 0.000149022   -0.695354      0.87977    -0.475399  2.92774e-05    -0.475399     -0.87977  0.000207538 -7.29057e-05 -0.000196504           -1
