0.5665 -0.012 0.6521  6.94734e-18 -4.57935e-19  1.52581e-17 -1.02618e-17  -5.6913e-17 -2.83655e-18            1 -2.17485e-19 -9.53911e-19 -2.17485e-19           -1  -4.9313e-19 -9.53911e-19   4.9313e-19           -1
0.5665 -0.012 0.6521 -1.11933e-18  2.75788e-19  3.29654e-17 -1.72036e-18  6.48216e-17 -3.87705e-19            1 -1.72729e-19 -1.50198e-18 -1.72729e-19           -1 -3.40854e-19 -1.50198e-18  3.40854e-19           -1
0.5665 -0.012 0.6521  9.18166e-18  1.33769e-18  1.37372e-17   1.9351e-17 -1.64526e-17 -9.86457e-18            1 -2.32015e-19 -2.05294e-18 -2.32015e-19           -1 -4.72229e-19 -2.05294e-18  4.72229e-19           -1
  0.566496 -0.0119963     0.6521 -0.000380113  0.000350635 -1.61867e-06  1.95783e-07 -2.05068e-06  -0.00187925            1 -1.98296e-05 -6.95891e-08 -1.98296e-05           -1  3.40464e-10 -6.95891e-08 -3.39084e-10           -1
  0.566485 -0.0119859     0.6521  -0.00106576  0.000983143 -6.60097e-06  4.42781e-07 -1.14109e-06  -0.00526776            1 -7.54207e-05 -3.92101e-08 -7.54207e-05           -1 -6.62589e-11 -3.92101e-08  6.92162e-11           -1
  0.566464 -0.0119665     0.6521  -0.00199619   0.00184168 -1.35325e-05  7.43226e-07 -8.90487e-07   -0.0098661            1 -0.000179544 -9.31547e-08 -0.000179544           -1 -2.44387e-09 -9.31543e-08  2.46059e-09           -1
 0.566431 -0.011936    0.6521  -0.00312259   0.00288095 -2.11462e-05  1.12961e-06 -4.98114e-07   -0.0154318            1  -0.00034241 -3.27172e-08  -0.00034241           -1 -8.66574e-09 -3.27142e-08  8.67694e-09           -1
  0.566384 -0.0118931   0.652099  -0.00440497   0.00406427 -3.00559e-05   1.6186e-06  1.45296e-07   -0.0217685            1 -0.000572159 -4.03853e-08 -0.000572159           -1 -2.10027e-08 -4.03733e-08  2.10258e-08           -1
  0.566323 -0.0118365   0.652099  -0.00581117    0.0053619 -3.99135e-05  2.20887e-06   1.2291e-06   -0.0287172            1 -0.000875248 -7.15941e-08 -0.000875248           -1 -4.20064e-08 -7.15573e-08   4.2069e-08           -1
  0.566246 -0.0117652   0.652098  -0.00731529   0.00674976 -4.96541e-05  2.88499e-06  2.78253e-06    -0.036149     0.999999  -0.00125678  -9.1697e-09  -0.00125678    -0.999999  -7.4401e-08 -9.07618e-09  7.44125e-08           -1
  0.566152 -0.0116785   0.652098  -0.00889573   0.00820834 -5.97317e-05  3.60342e-06  1.13103e-06   -0.0439595     0.999999  -0.00172075 -9.47465e-08  -0.00172075    -0.999999 -1.20152e-07 -9.45396e-08  1.20315e-07           -1
   0.56604 -0.0115759   0.652097   -0.0105357   0.00972183 -6.99568e-05  4.34061e-06 -9.40124e-07   -0.0520643     0.999997  -0.00227026  3.91317e-08  -0.00227026    -0.999997 -1.82107e-07   3.9545e-08  1.82018e-07           -1
  0.565911 -0.0114568   0.652096   -0.0122216    0.0112774 -8.21489e-05  5.02136e-06  3.35335e-06   -0.0603948     0.999996   -0.0029077  4.71437e-08   -0.0029077    -0.999996 -2.61043e-07  4.79025e-08  2.60904e-07           -1
  0.565764 -0.0113209   0.652095   -0.0139417    0.0128647 -9.34177e-05  5.59995e-06  3.01398e-06   -0.0688956     0.999993  -0.00363486 -8.81793e-08  -0.00363486    -0.999993 -3.57688e-07 -8.68786e-08  3.58006e-07           -1
  0.565599 -0.0111681   0.652094   -0.0156874    0.0144754 -0.000104922  6.05791e-06  4.11784e-06   -0.0775218     0.99999 -0.00445307 1.57712e-08 -0.00445307    -0.99999 -4.7455e-07 1.78843e-08 4.74475e-07          -1
  0.565414 -0.0109981   0.652093   -0.0174508    0.0161025 -0.000116964  6.32514e-06  2.47267e-06    -0.086237     0.999986  -0.00536326   5.8262e-09  -0.00536326    -0.999986 -6.10109e-07   9.0983e-09  6.10069e-07           -1
  0.565212 -0.0108107   0.652092   -0.0192266    0.0177407 -0.000128783  6.35146e-06  3.79609e-06   -0.0950117      0.99998  -0.00636606 -8.56648e-08  -0.00636606     -0.99998 -7.64017e-07 -8.07992e-08  7.64547e-07           -1
  0.56499 -0.010606   0.65209   -0.0210096    0.0193854 -0.000141684  6.13333e-06  5.46548e-06    -0.103822     0.999972  -0.00746185 -4.22443e-08  -0.00746185    -0.999972 -9.37518e-07 -3.52475e-08  9.37807e-07           -1
  0.564749 -0.0103839   0.652089   -0.0227958     0.021033 -0.000152505  5.63768e-06  1.82924e-06    -0.112649     0.999963  -0.00865079 -2.84109e-08  -0.00865079    -0.999963 -1.12839e-06 -1.86484e-08  1.12859e-06           -1
   0.56449 -0.0101444   0.652087   -0.0245824    0.0226806 -0.000164862  4.80743e-06  1.66452e-06    -0.121476     0.999951  -0.00993288 -8.64909e-08  -0.00993288    -0.999951 -1.33472e-06 -7.32291e-08  1.33551e-06           -1
   0.564212 -0.00988752    0.652086   -0.0263666    0.0243258 -0.000178654   3.6546e-06  4.53774e-06    -0.130291     0.999936    -0.011308  4.65993e-10    -0.011308    -0.999936 -1.55801e-06  1.80839e-08   1.5579e-06           -1
   0.563914 -0.00961331    0.652084   -0.0281465    0.0259667 -0.000191787  2.14212e-06  6.17522e-06    -0.139084     0.999918   -0.0127759  1.30463e-08   -0.0127759    -0.999918 -1.79366e-06  3.59609e-08  1.79335e-06           -1
   0.563599 -0.00932183    0.652082   -0.0299201    0.0276017 -0.000204605  2.50787e-07  5.71759e-06    -0.147846     0.999897   -0.0143362 -9.78227e-08   -0.0143362    -0.999897 -2.03849e-06 -6.85884e-08  2.03969e-06           -1
   0.563264 -0.00901315     0.65208   -0.0316864    0.0292296 -0.000218508 -2.00548e-06  8.45533e-06    -0.156571     0.999872   -0.0159886 -7.63628e-08   -0.0159886    -0.999872 -2.29531e-06 -3.96542e-08  2.29624e-06           -1
   0.562911 -0.00868737    0.652078    -0.033444    0.0308494 -0.000231321 -4.62008e-06  6.80338e-06    -0.165253     0.999843   -0.0177326 -7.42885e-08   -0.0177326    -0.999843 -2.55934e-06 -2.88931e-08  2.56026e-06           -1
    0.56254 -0.00834457    0.652075   -0.0351922    0.0324601 -0.000243555 -7.63271e-06  4.53058e-06    -0.173888     0.999809   -0.0195676 -1.61474e-07   -0.0195676    -0.999809  -2.8265e-06 -1.06136e-07  2.82912e-06           -1
    0.56215 -0.00798486    0.652073   -0.0369303    0.0340613 -0.000258533 -1.10446e-05  9.48474e-06    -0.182472     0.999769   -0.0214931 -8.30116e-08   -0.0214931    -0.999769  -3.1014e-06 -1.63337e-08  3.10247e-06           -1
   0.561743 -0.00760834     0.65207   -0.0386574    0.0356522  -0.00027168 -1.48427e-05  7.58751e-06    -0.191002     0.999724   -0.0235086 -2.07884e-07   -0.0235086    -0.999724 -3.37142e-06  -1.2857e-07  3.37537e-06           -1
   0.561317 -0.00721513    0.652068   -0.0403735    0.0372325 -0.000285203 -1.90194e-05  8.34745e-06    -0.199476     0.999672   -0.0256134 -2.14482e-07   -0.0256134    -0.999672 -3.64382e-06 -1.21081e-07  3.64812e-06           -1
   0.560873 -0.00680534    0.652065   -0.0420779    0.0388019 -0.000298921 -2.35604e-05  8.84867e-06    -0.207892     0.999613   -0.0278068  -1.5655e-07   -0.0278068    -0.999613 -3.91543e-06 -4.76138e-08  3.91826e-06           -1
  0.560411 -0.0063791   0.652062   -0.0437702      0.04036 -0.000312749 -2.85103e-05  8.35012e-06    -0.216248     0.999547   -0.0300883 -2.29448e-07   -0.0300883    -0.999547 -4.17665e-06 -1.03675e-07  4.18166e-06           -1
   0.559931 -0.00593651    0.652059   -0.0454505    0.0419066 -0.000328129 -3.38946e-05  1.30923e-05    -0.224544     0.999473   -0.0324572 -2.80667e-07   -0.0324572    -0.999473  -4.4308e-06 -1.36708e-07  4.43758e-06           -1
   0.559434 -0.00547771    0.652056   -0.0471181    0.0434415 -0.000340782 -3.95518e-05  9.99361e-06    -0.232778      0.99939   -0.0349127 -2.93827e-07   -0.0349127     -0.99939 -4.67669e-06 -1.30372e-07  4.68409e-06           -1
    0.55892 -0.00500281    0.652052   -0.0487733    0.0449646 -0.000355317 -4.56672e-05  1.19746e-05    -0.240949     0.999298   -0.0374542 -3.79305e-07   -0.0374542    -0.999298 -4.90695e-06 -1.95253e-07  4.91772e-06           -1
   0.558388 -0.00451195    0.652049   -0.0504157    0.0464757 -0.000368708 -5.20929e-05  1.05363e-05    -0.249057     0.999196   -0.0400809 -4.22617e-07   -0.0400809    -0.999196 -5.12495e-06 -2.16865e-07  5.13777e-06           -1
   0.557839 -0.00400526    0.652045   -0.0520453    0.0479748 -0.000384006 -5.89779e-05   1.3565e-05    -0.257101     0.999084   -0.0427922 -5.55113e-07   -0.0427922    -0.999084 -5.32141e-06  -3.2689e-07  5.34029e-06           -1
   0.557273 -0.00348285    0.652042   -0.0536617    0.0494618 -0.000398013 -6.61124e-05  1.22878e-05    -0.265081      0.99896   -0.0455873 -5.55115e-07   -0.0455873     -0.99896   -5.507e-06 -3.03489e-07  5.52658e-06           -1
    0.55669 -0.00294486    0.652038   -0.0552654    0.0509366   -0.0004116 -7.36661e-05  1.20805e-05    -0.272996     0.998825   -0.0484655  -6.8659e-07   -0.0484655    -0.998825 -5.66382e-06 -4.11283e-07  5.69044e-06           -1
    0.55609 -0.00239142    0.652034   -0.0568559    0.0523991 -0.000427193 -8.16159e-05  1.58599e-05    -0.280847     0.998677    -0.051426 -7.45362e-07    -0.051426    -0.998677 -5.80268e-06 -4.45967e-07  5.83333e-06           -1
   0.555474 -0.00182265     0.65203   -0.0584333    0.0538493  -0.00044042 -8.98062e-05  1.44653e-05    -0.288632     0.998516   -0.0544682 -7.65633e-07   -0.0544682    -0.998516 -5.91994e-06 -4.42048e-07  5.95286e-06           -1
   0.554841 -0.00123869    0.652026   -0.0599975    0.0552872 -0.000455111 -9.84354e-05  1.56477e-05    -0.296352      0.99834   -0.0575911 -9.06411e-07   -0.0575911     -0.99834 -6.00175e-06  -5.5926e-07  6.04399e-06           -1
   0.554192 -0.00063966    0.652022   -0.0615484    0.0567128 -0.000469062 -0.000107286  1.48028e-05    -0.304007      0.99815   -0.0607942 -8.57298e-07   -0.0607942     -0.99815 -6.07035e-06  -4.8667e-07  6.11124e-06           -1
    0.553526 -2.57011e-05     0.652017   -0.0630862    0.0581261 -0.000483907 -0.000116627  1.71229e-05    -0.311596     0.997945   -0.0640765 -1.01767e-06   -0.0640765    -0.997945 -6.09165e-06 -6.25248e-07  6.14434e-06           -1
   0.552845 0.000603062    0.652013   -0.0646106    0.0595269 -0.000498337 -0.000126234  1.79846e-05    -0.319119     0.997724   -0.0674374 -1.08568e-06   -0.0674374    -0.997724 -6.08872e-06   -6.726e-07  6.14807e-06           -1
 0.552147 0.0012465  0.652008   -0.0661217    0.0609154 -0.000512446 -0.000136169  1.75911e-05    -0.326577     0.997485    -0.070876 -1.22403e-06    -0.070876    -0.997485  -6.0454e-06 -7.92481e-07  6.11695e-06           -1
  0.551434 0.00190447   0.652004   -0.0676196    0.0622915  -0.00052781 -0.000146488  2.10797e-05    -0.333969     0.997229   -0.0743915 -1.25849e-06   -0.0743915    -0.997229 -5.97673e-06 -8.10383e-07  6.05379e-06           -1
  0.550705 0.00257686   0.651999   -0.0691043    0.0636551 -0.000540816 -0.000157069  2.10938e-05    -0.341295     0.996955   -0.0779833 -1.35657e-06   -0.0779833    -0.996955 -5.86464e-06 -8.95092e-07  5.95257e-06           -1
  0.549961 0.00326353   0.651994   -0.0705752    0.0650064 -0.000555553 -0.000167948  2.04098e-05    -0.348555     0.996661   -0.0816503 -1.45662e-06   -0.0816503    -0.996661 -5.71355e-06 -9.85238e-07  5.81341e-06           -1
  0.549201 0.00396435   0.651989    -0.072033    0.0663453 -0.000569396 -0.000179227  2.13338e-05    -0.355749     0.996347   -0.0853919 -1.61625e-06   -0.0853919    -0.996347 -5.51519e-06 -1.13939e-06  5.63306e-06           -1
  0.548426 0.00467919   0.651983   -0.0734775    0.0676717 -0.000584162 -0.000190874  2.39146e-05    -0.362878     0.996013   -0.0892073 -1.76797e-06   -0.0892073    -0.996013 -5.27517e-06 -1.29034e-06  5.41185e-06           -1
  0.547636 0.00540791   0.651978   -0.0749084    0.0689857 -0.000597192 -0.000202625  2.09239e-05     -0.36994     0.995657   -0.0930955 -1.85643e-06   -0.0930955    -0.995657  -4.9993e-06 -1.38295e-06  5.15042e-06           -1
  0.546831 0.00615039   0.651973   -0.0763263    0.0702873 -0.000611408 -0.000214965   2.4262e-05    -0.376937     0.995279   -0.0970558 -2.04887e-06   -0.0970558    -0.995279  -4.6649e-06 -1.58644e-06  4.84174e-06           -1
  0.546012 0.00690649   0.651967   -0.0777306    0.0715765 -0.000626026  -0.00022756  2.67854e-05    -0.383867     0.994878    -0.101087 -2.16985e-06    -0.101087    -0.994878 -4.29302e-06 -1.72476e-06  4.49037e-06           -1
  0.545177 0.00767609   0.651961   -0.0791214    0.0728532 -0.000639724 -0.000240341  2.59638e-05    -0.390732     0.994452    -0.105189 -2.26673e-06    -0.105189    -0.994452 -3.87671e-06 -1.84636e-06  4.09364e-06           -1
  0.544328 0.00845905   0.651955    -0.080499    0.0741176 -0.000654061  -0.00025361  2.90269e-05     -0.39753     0.994002    -0.109361  -2.3989e-06    -0.109361    -0.994002 -3.40615e-06 -2.01201e-06  3.64806e-06           -1
  0.543465 0.00925524    0.65195    -0.081863    0.0753695 -0.000668275 -0.000267202  3.08566e-05    -0.404263     0.993526    -0.113601 -2.61568e-06    -0.113601    -0.993526 -2.87168e-06 -2.27252e-06  3.15023e-06           -1
 0.542588 0.0100645  0.651944   -0.0832138    0.0766091 -0.000682376  -0.00028111  3.36296e-05     -0.41093     0.993024    -0.117909 -2.73585e-06    -0.117909    -0.993024 -2.30015e-06 -2.44556e-06  2.60668e-06           -1
 0.541696 0.0108868  0.651937   -0.0845508    0.0778362 -0.000695916 -0.000295228  3.28396e-05     -0.41753     0.992495    -0.122283 -2.91816e-06    -0.122283    -0.992495 -1.66512e-06 -2.69265e-06  2.00946e-06           -1
  0.54079 0.0117219  0.651931   -0.0858747     0.079051 -0.000708687 -0.000309614  3.22384e-05    -0.424065     0.991938    -0.126724  -2.9699e-06    -0.126724    -0.991938   -9.977e-07 -2.81952e-06  1.36601e-06           -1
 0.539871 0.0125697  0.651925   -0.0871851    0.0802533 -0.000722164 -0.000324571  3.50475e-05    -0.430533     0.991352     -0.13123 -3.17727e-06     -0.13123    -0.991352   -2.472e-07 -3.11736e-06  6.62016e-07           -1
 0.538938 0.0134301  0.651918   -0.0884819    0.0814433 -0.000734853 -0.000339552  3.28937e-05    -0.436936     0.990736      -0.1358 -3.22661e-06      -0.1358    -0.990736  5.30941e-07 -3.26882e-06 -8.78485e-08           -1
 0.537992 0.0143029  0.651912   -0.0897654    0.0826208  -0.00074871 -0.000355181  3.57718e-05    -0.443273      0.99009    -0.140434   -3.385e-06    -0.140434     -0.99009  1.38763e-06 -3.54633e-06 -8.98514e-07           -1
 0.537032 0.0151881  0.651905  -0.0910355   0.0837861 -0.00076271 -0.00037119 3.81367e-05   -0.449543     0.989413    -0.145129 -3.58452e-06    -0.145129    -0.989413  2.31152e-06 -3.88204e-06 -1.76683e-06           -1
 0.536058 0.0160854  0.651898   -0.0922921    0.0849389 -0.000774721 -0.000387362  3.77772e-05    -0.455748     0.988703    -0.149887 -3.72285e-06    -0.149887    -0.988703  3.28419e-06 -4.17305e-06 -2.68908e-06           -1
 0.535072 0.0169948  0.651891   -0.0935355    0.0860793  -0.00078877 -0.000404317   4.3412e-05    -0.461887     0.987961    -0.154704 -3.96291e-06    -0.154704    -0.987961   4.3401e-06 -4.58664e-06 -3.67477e-06           -1
 0.534073 0.0179161  0.651884   -0.0947651    0.0872074 -0.000800569 -0.000421111   4.0804e-05     -0.46796     0.987185    -0.159582 -4.07621e-06    -0.159582    -0.987185  5.43229e-06 -4.89087e-06 -4.71218e-06           -1
 0.533061 0.0188492  0.651877   -0.0959813    0.0883231 -0.000813909 -0.000438555  4.38485e-05    -0.473967     0.986374    -0.164518 -4.10709e-06    -0.164518    -0.986374  6.56862e-06 -5.13178e-06 -5.80343e-06           -1
 0.532036 0.0197939   0.65187   -0.0971842    0.0894265 -0.000827048 -0.000456633  4.74131e-05    -0.479908     0.985528    -0.169511 -4.40677e-06    -0.169511    -0.985528  7.83205e-06 -5.67062e-06  -6.9717e-06           -1
 0.530999 0.0207502  0.651863   -0.0983736    0.0905175 -0.000839402 -0.000474872  4.87609e-05    -0.485783     0.984646    -0.174562   -4.531e-06    -0.174562    -0.984646  9.12118e-06 -6.05364e-06  -8.1902e-06           -1
 0.529949 0.0217178  0.651855   -0.0995494    0.0915963 -0.000851677 -0.000493577   4.9731e-05    -0.491592     0.983727    -0.179668 -4.72104e-06    -0.179668    -0.983727  1.04935e-05 -6.52957e-06 -9.47456e-06           -1
 0.528887 0.0226968  0.651848    -0.100712    0.0926626 -0.000864874 -0.000512885  5.46968e-05    -0.497335     0.982771    -0.184828 -4.75091e-06    -0.184828    -0.982771  1.18939e-05  -6.8674e-06 -1.08109e-05           -1
 0.527813 0.0236868   0.65184    -0.101861    0.0937167 -0.000875938 -0.000532406  5.38641e-05    -0.503012     0.981776    -0.190043 -4.96893e-06    -0.190043    -0.981776  1.34124e-05 -7.42732e-06 -1.22237e-05           -1
 0.526727 0.0246879  0.651832    -0.102996    0.0947584 -0.000888239 -0.000552507   5.6483e-05    -0.508624     0.980742     -0.19531 -5.02776e-06     -0.19531    -0.980742  1.49595e-05 -7.85268e-06 -1.36895e-05           -1
  0.52563 0.0256999  0.651825    -0.104118    0.0957879 -0.000899834 -0.000573036  5.70386e-05    -0.514168     0.979667    -0.200629 -5.14646e-06    -0.200629    -0.979667  1.65944e-05 -8.37113e-06 -1.52245e-05           -1
  0.52452 0.0267226  0.651817    -0.105227     0.096805 -0.000911788 -0.000594271  5.99735e-05    -0.519648     0.978552    -0.205998  -5.3179e-06    -0.205998    -0.978552  1.83179e-05  -8.9773e-06 -1.68296e-05           -1
 0.523399 0.0277559  0.651809    -0.106322      0.09781 -0.000923049 -0.000615766  5.97126e-05    -0.525061     0.977396    -0.211417 -5.40456e-06    -0.211417    -0.977396  2.00912e-05 -9.53001e-06 -1.84944e-05           -1
 0.522267 0.0287996  0.651801    -0.107403    0.0988025 -0.000935092 -0.000638126   6.3422e-05     -0.53041     0.976197    -0.216885 -5.50297e-06    -0.216885    -0.976197  2.19445e-05 -1.01314e-05 -2.02287e-05           -1
 0.521123 0.0298538  0.651792    -0.108472    0.0997828 -0.000947284 -0.000661225  6.82315e-05    -0.535691     0.974956      -0.2224 -5.70114e-06      -0.2224    -0.974956  2.39057e-05  -1.0875e-05 -2.20391e-05           -1
 0.519968 0.0309181  0.651784    -0.109526     0.100751 -0.000958767 -0.000684665  7.08431e-05    -0.540906      0.97367    -0.227961 -5.74486e-06    -0.227961     -0.97367  2.58964e-05  -1.1497e-05  -2.3905e-05           -1
 0.518803 0.0319925  0.651776    -0.110567     0.101707 -0.000969161 -0.000708497   7.0779e-05    -0.546057      0.97234    -0.233568 -5.79841e-06    -0.233568     -0.97234  2.79715e-05 -1.21713e-05 -2.58435e-05           -1
 0.517626 0.0330769  0.651768    -0.111595      0.10265 -0.000980653 -0.000733528  7.67086e-05    -0.551141     0.970966    -0.239219 -5.83567e-06    -0.239219    -0.970966  3.01216e-05 -1.28719e-05  -2.7851e-05           -1
 0.516439 0.0341711  0.651759    -0.112609     0.103582 -0.000990911 -0.000758554   7.4529e-05     -0.55616     0.969545    -0.244914 -5.92222e-06    -0.244914    -0.969545  3.23712e-05   -1.367e-05 -2.99349e-05           -1
 0.515241 0.0352751  0.651751     -0.11361     0.104501  -0.00100418 -0.000785295  8.47348e-05    -0.561112     0.968078     -0.25065 -5.87891e-06     -0.25065    -0.968078  3.46601e-05 -1.43788e-05 -3.20801e-05           -1
 0.514033 0.0363885  0.651742    -0.114597     0.105408  -0.00101398 -0.000812019  8.47038e-05    -0.565998     0.966563    -0.256428 -5.97149e-06    -0.256428    -0.966563   3.7084e-05 -1.52812e-05 -3.43128e-05           -1
 0.512814 0.0375114  0.651733     -0.11557     0.106302  -0.00102545 -0.000839849  8.90377e-05    -0.570819     0.965001    -0.262245 -6.05428e-06    -0.262245    -0.965001   3.9593e-05 -1.62254e-05 -3.66196e-05           -1
 0.511585 0.0386436  0.651724     -0.11653     0.107185  -0.00103552 -0.000868238  9.16483e-05    -0.575574     0.963391    -0.268101 -6.00705e-06    -0.268101    -0.963391  4.21443e-05 -1.70861e-05 -3.89909e-05           -1
0.510347 0.039785 0.651715    -0.117477     0.108055    -0.001047 -0.000897969  9.85156e-05    -0.580263     0.961731    -0.273995 -6.00106e-06    -0.273995    -0.961731  4.48016e-05 -1.80468e-05 -4.14428e-05           -1
 0.509098 0.0409355  0.651707     -0.11841     0.108914   -0.0010573 -0.000927981  0.000100587    -0.584887     0.960022    -0.279925 -5.92607e-06    -0.279925    -0.960022  4.75262e-05 -1.89929e-05 -4.39674e-05           -1
  0.50784 0.0420948  0.651698     -0.11933      0.10976  -0.00106818 -0.000959206  0.000105441    -0.589444     0.958262    -0.285891 -5.81141e-06    -0.285891    -0.958262  5.03303e-05 -1.99578e-05 -4.65682e-05           -1
 0.506572 0.0432629  0.651689    -0.120236     0.110594  -0.00107925 -0.000991352  0.000110405    -0.593937     0.956452    -0.291891 -5.64624e-06    -0.291891    -0.956452   5.3208e-05 -2.09313e-05 -4.92428e-05           -1
 0.505295 0.0444397  0.651679   -0.121128    0.111416 -0.00108908 -0.00102452 0.000114483   -0.598362      0.95459    -0.297924 -5.63905e-06    -0.297924     -0.95459  5.62526e-05 -2.21419e-05 -5.20181e-05           -1
0.504009 0.045625  0.65167   -0.122007    0.112225 -0.00110046 -0.00105895 0.000121471   -0.602723     0.952676    -0.303988 -5.46721e-06    -0.303988    -0.952676  5.93303e-05 -2.32442e-05 -5.48606e-05           -1
 0.502713 0.0468186  0.651661   -0.122872    0.113023 -0.00110945 -0.00109348 0.000121231   -0.607018     0.950709    -0.310084 -5.18531e-06    -0.310084    -0.950709  6.24603e-05 -2.42977e-05 -5.77737e-05           -1
 0.501409 0.0480206  0.651652   -0.123724    0.113809 -0.00112189 -0.00113046 0.000131446   -0.611246      0.94869    -0.316209 -5.01418e-06    -0.316209     -0.94869  6.57457e-05 -2.55463e-05 -6.07868e-05           -1
 0.500095 0.0492306  0.651643   -0.124562    0.114582 -0.00113245 -0.00116818 0.000138946    -0.61541     0.946616    -0.322362 -4.77494e-06    -0.322362    -0.946616  6.91079e-05 -2.67978e-05 -6.38794e-05           -1
 0.498773 0.0504487  0.651633   -0.125387    0.115344 -0.00114258 -0.00120672  0.00014263   -0.619508     0.944489    -0.328543 -4.51434e-06    -0.328543    -0.944489  7.25741e-05 -2.81074e-05 -6.70623e-05           -1
 0.497442 0.0516746  0.651624   -0.126198    0.116093 -0.00115381 -0.00124697  0.00015101    -0.62354     0.942307    -0.334749 -4.17239e-06    -0.334749    -0.942307  7.61121e-05 -2.94101e-05 -7.03243e-05           -1
 0.496103 0.0529083  0.651615   -0.126995    0.116831 -0.00116461 -0.00128831 0.000158576   -0.627507      0.94007     -0.34098 -3.76839e-06     -0.34098     -0.94007  7.97317e-05 -3.07295e-05 -7.36684e-05           -1
 0.494756 0.0541495  0.651605   -0.127779    0.117557   -0.001176 -0.00133091 0.000164948   -0.631407     0.937778    -0.347235 -3.32198e-06    -0.347235    -0.937778  8.34478e-05 -3.20913e-05  -7.7102e-05           -1
   0.4934 0.0553983  0.651596   -0.128549     0.11827 -0.00118782 -0.00137554 0.000176787   -0.635242      0.93543    -0.353512  -2.8338e-06    -0.353512     -0.93543  8.72577e-05 -3.34975e-05 -8.06217e-05           -1
 0.492036 0.0566543  0.651586   -0.129306    0.118972 -0.00119859 -0.00142103 0.000184509   -0.639012     0.933025    -0.359811 -2.26855e-06    -0.359811    -0.933025  9.11503e-05 -3.49135e-05 -8.42293e-05           -1
 0.490665 0.0579176  0.651577   -0.130049    0.119662 -0.00120995 -0.00146836 0.000194396   -0.642716     0.930564    -0.366129  -1.6961e-06    -0.366129    -0.930564  9.51621e-05 -3.64199e-05 -8.79334e-05           -1
0.489286 0.059188 0.651567   -0.130778    0.120339 -0.00122325 -0.00151754 0.000206281   -0.646356     0.928046    -0.372466 -1.06648e-06    -0.372466    -0.928046  9.92706e-05 -3.79646e-05 -9.17305e-05           -1
 0.487899 0.0604653  0.651558   -0.131494    0.121005 -0.00123433 -0.00156755 0.000214153   -0.649928      0.92547     -0.37882 -3.11939e-07     -0.37882     -0.92547  0.000103432 -3.94707e-05 -9.56049e-05           -1
 0.486504 0.0617495  0.651548   -0.132196     0.12166  -0.0012475 -0.00162034 0.000229332   -0.653436     0.922837    -0.385191  4.64276e-07     -0.38519    -0.922837  0.000107711 -4.10607e-05 -9.95783e-05           -1
 0.485103 0.0630403  0.651539   -0.132883    0.122302 -0.00126212 -0.00167478 0.000245131   -0.656879     0.920146    -0.391576  1.37539e-06    -0.391576    -0.920146  0.000112037 -4.26053e-05 -0.000103629           -1
 0.483694 0.0643377  0.651529   -0.133558    0.122932 -0.00127353 -0.00173017  0.00025386   -0.660255     0.917396    -0.397975  2.25276e-06    -0.397975    -0.917396  0.000116513 -4.43025e-05 -0.000107785           -1
 0.482278 0.0656415   0.65152   -0.134218    0.123551 -0.00128817 -0.00178864 0.000272565   -0.663567     0.914588    -0.404387  3.35327e-06    -0.404387    -0.914588  0.000120984 -4.58577e-05 -0.000112007           -1
 0.480855 0.0669516   0.65151   -0.134865    0.124158 -0.00130223  -0.0018484 0.000285278   -0.666812     0.911721     -0.41081  4.38631e-06     -0.41081    -0.911721  0.000125629 -4.76107e-05 -0.000116341           -1
 0.479425 0.0682679  0.651501   -0.135498    0.124754 -0.00131934 -0.00191147 0.000308423   -0.669993     0.908795    -0.417243  5.66364e-06    -0.417243    -0.908795  0.000130253 -4.92002e-05 -0.000120737           -1
 0.477989 0.0695903  0.651492   -0.136116    0.125337 -0.00133455 -0.00197575   0.0003269    -0.67311     0.90581   -0.423685 7.02447e-06   -0.423685    -0.90581 0.000134944 -5.0811e-05 -0.00012521          -1
 0.476546 0.0709185  0.651482   -0.136721    0.125909 -0.00135094 -0.00204282 0.000347555   -0.676159     0.902765    -0.430134  8.37577e-06    -0.430134    -0.902765   0.00013977 -5.25587e-05 -0.000129783           -1
 0.475097 0.0722524  0.651473   -0.137312     0.12647 -0.00136864 -0.00211199 0.000368966   -0.679145     0.899661     -0.43659  9.93975e-06     -0.43659    -0.899661  0.000144579 -5.41795e-05 -0.000134412           -1
 0.473642 0.0735921  0.651464   -0.137889    0.127019 -0.00138632 -0.00218361 0.000391823   -0.682065     0.896497     -0.44305  1.16805e-05     -0.44305    -0.896497  0.000149387 -5.57145e-05   -0.0001391           -1
  0.47218 0.0749372  0.651455   -0.138452    0.127556 -0.00140611 -0.00225863 0.000419728   -0.684919     0.893273    -0.449515  1.34363e-05    -0.449515    -0.893273  0.000154301 -5.73584e-05 -0.000143873           -1
 0.470713 0.0762877  0.651446   -0.139001    0.128082  -0.0014273 -0.00233632 0.000449852    -0.68771     0.889989    -0.455981  1.53958e-05    -0.455981    -0.889989  0.000159186 -5.88836e-05 -0.000148694           -1
  0.46924 0.0776434  0.651437   -0.139535    0.128596 -0.00144888 -0.00241673 0.000480028   -0.690433     0.886646     -0.46245  1.74194e-05     -0.46245    -0.886646  0.000164109 -6.04472e-05 -0.000153562           -1
 0.467761 0.0790043  0.651429   -0.140056      0.1291 -0.00147089 -0.00249991 0.000511453   -0.693093     0.883242    -0.468918  1.96616e-05    -0.468918    -0.883242  0.000168971 -6.18676e-05 -0.000158462           -1
 0.466276 0.0803701   0.65142   -0.140561    0.129592 -0.00149681 -0.00258726 0.000549728   -0.695687     0.879778    -0.475385  2.20943e-05    -0.475385    -0.879778  0.000173776 -6.31724e-05 -0.000163388           -1
 0.464786 0.0817407  0.651412   -0.141053    0.130073 -0.00152203 -0.00267735 0.000586756   -0.698217     0.876254    -0.481849  2.46236e-05    -0.481849    -0.876254  0.000178572 -6.44684e-05  -0.00016834           -1
  0.46329 0.0831161  0.651404    -0.14153    0.130542 -0.00154971  -0.0027709 0.000627597   -0.700683      0.87267     -0.48831  2.73828e-05     -0.48831     -0.87267  0.000183231 -6.55773e-05 -0.000173271           -1
 0.46179 0.084496 0.651396   -0.141993    0.131001 -0.00158029 -0.00286924 0.000676157   -0.703082     0.869026    -0.494766  3.03923e-05    -0.494766    -0.869026  0.000187721  -6.6466e-05 -0.000178171           -1
 0.460284 0.0858804  0.651389   -0.142441    0.131448 -0.00161106 -0.00297102 0.000724905   -0.705417     0.865322    -0.501216  3.35403e-05    -0.501216    -0.865322  0.000192126 -6.72733e-05 -0.000183062           -1
0.458773 0.087269 0.651381   -0.142873    0.131885 -0.00164496 -0.00307666 0.000776636   -0.707687     0.861559    -0.507658  3.69929e-05    -0.507658    -0.861559  0.000196236 -6.77494e-05 -0.000187849           -1
 0.457258 0.0886618  0.651374   -0.143292    0.132311 -0.00168083 -0.00318756  0.00083332   -0.709893     0.857735    -0.514092   4.0499e-05    -0.514092    -0.857735  0.000200261  -6.8215e-05 -0.000192591           -1
 0.455737 0.0900586  0.651368   -0.143695    0.132727 -0.00172034 -0.00330353 0.000897495   -0.712034     0.853852    -0.520516  4.44575e-05    -0.520516    -0.853852  0.000203825 -6.81337e-05 -0.000197177           -1
 0.454212 0.0914593  0.651362   -0.144083    0.133133 -0.00176112 -0.00342458 0.000964991    -0.71411      0.84991    -0.526929  4.85562e-05    -0.526929     -0.84991  0.000207128 -6.78733e-05 -0.000201626           -1
 0.452683 0.0928638  0.651356   -0.144456    0.133527 -0.00180618 -0.00355119   0.0010385   -0.716121     0.845908    -0.533329  5.31029e-05    -0.533329    -0.845908  0.000209869  -6.7009e-05 -0.000205851           -1
 0.451149 0.0942718  0.651351   -0.144814    0.133912 -0.00185467 -0.00368446  0.00111968   -0.718068     0.841847    -0.539716  5.78102e-05    -0.539716    -0.841847  0.000212258 -6.58916e-05  -0.00020989           -1
  0.44961 0.0956833  0.651347   -0.145156    0.134288 -0.00190604 -0.00382392  0.00120409   -0.719951     0.837728    -0.546088  6.29475e-05    -0.546088    -0.837728  0.000213961 -6.41086e-05 -0.000213616           -1
 0.448068 0.0970981  0.651343   -0.145483    0.134654 -0.00196217  -0.0039716  0.00130041   -0.721769      0.83355    -0.552445  6.83523e-05    -0.552445     -0.83355  0.000215076 -6.18427e-05 -0.000217038           -1
 0.446521 0.0985161   0.65134   -0.145793     0.13501 -0.00202278 -0.00412638  0.00140164   -0.723524     0.829313    -0.558784  7.41971e-05    -0.558784    -0.829313  0.000215369 -5.88123e-05 -0.000220069           -1
  0.44497 0.0999371  0.651338   -0.146087    0.135357  -0.0020875 -0.00429017  0.00151143   -0.725213     0.825019    -0.565105  8.04709e-05    -0.565105    -0.825019  0.000214754 -5.49688e-05 -0.000222651           -1
0.443415 0.101361 0.651337   -0.146365    0.135697 -0.00215922 -0.00446507  0.00163561   -0.726838     0.820667    -0.571407  8.70914e-05    -0.571407    -0.820667  0.000213219 -5.03617e-05 -0.000224746           -1
0.441855 0.102788 0.651337   -0.146626    0.136028 -0.00223533 -0.00465005  0.00176551   -0.728401     0.816258    -0.577688  9.41914e-05    -0.577688    -0.816258  0.000210571 -4.47598e-05 -0.000226294           -1
0.440292 0.104217 0.651338    -0.14687    0.136353 -0.00231872 -0.00484815  0.00190764   -0.729897     0.811792    -0.583947  0.000101995    -0.583947    -0.811792  0.000206486 -3.77781e-05 -0.000227183           -1
0.438725 0.105649  0.65134   -0.147097     0.13667 -0.00241177 -0.00506095  0.00206743   -0.731332     0.807269    -0.590183  0.000110214    -0.590183    -0.807269  0.000201151 -2.97437e-05 -0.000227429           -1
0.437154 0.107082 0.651344  -0.147305   0.136982 -0.0025129 -0.0052907 0.00224314  -0.732702     0.802691    -0.596395  0.000119033    -0.596395    -0.802691  0.000194309 -2.03381e-05 -0.000226961           -1
0.435579 0.108519  0.65135   -0.147493    0.137289 -0.00262672 -0.00554006  0.00243568   -0.734009     0.798057    -0.602582  0.000128591    -0.602582    -0.798057  0.000185754 -9.30894e-06 -0.000225729           -1
   0.434 0.109957 0.651357   -0.147661    0.137593 -0.00275113 -0.00581115   0.0026489   -0.735255     0.793368    -0.608743   0.00013902    -0.608743    -0.793368  0.000175313  3.57335e-06 -0.000223715           -1
0.432418 0.111397 0.651366   -0.147807    0.137895 -0.00289292 -0.00610994  0.00288749   -0.736438    0.788624   -0.614876 0.000150126   -0.614876   -0.788624 0.000163223 1.80312e-05 -0.00022103          -1
0.430831 0.112839 0.651377   -0.147928    0.138197 -0.00305489 -0.00644158  0.00316144   -0.737561     0.783826    -0.620981  0.000162076    -0.620981    -0.783826  0.000149386   3.4273e-05 -0.000217739           -1
 0.42924 0.114283  0.65139   -0.148022      0.1385 -0.00324028 -0.00681011  0.00346929   -0.738623     0.778974    -0.627056  0.000175183    -0.627056    -0.778974  0.000133626  5.26719e-05 -0.000213941           -1
0.427646 0.115729 0.651405   -0.148085    0.138807 -0.00345647 -0.00722325  0.00382557   -0.739627     0.774069    -0.633101  0.000189085    -0.633101    -0.774069  0.000116675  7.24975e-05 -0.000210025           -1
0.426048 0.117176 0.651422   -0.148111    0.139121 -0.00370924 -0.00768939  0.00423491   -0.740576     0.769111    -0.639115  0.000204095    -0.639115    -0.769111  9.86423e-05  9.39281e-05 -0.000206307           -1
0.424447 0.118625 0.651441   -0.148095    0.139444 -0.00400827 -0.00821764  0.00471656   -0.741471     0.764102    -0.645096  0.000220181    -0.645096    -0.764102  8.02905e-05  0.000116445 -0.000203388           -1
0.422842 0.120076 0.651461   -0.148029    0.139779   -0.004363 -0.00881545  0.00527562   -0.742312      0.75904    -0.651044  0.000237323    -0.651044     -0.75904  6.25723e-05  0.000139401 -0.000202003           -1
0.421235 0.121529 0.651482   -0.147903    0.140127 -0.00478724 -0.00949303  0.00593671   -0.743107     0.753928    -0.656957  0.000255499    -0.656957    -0.753928  4.67167e-05  0.000161937 -0.000203073           -1
0.419626 0.122985 0.651503   -0.147708    0.140489 -0.00529218  -0.0102569  0.00671169   -0.743859     0.748764    -0.662837  0.000274592    -0.662837    -0.748764  3.44801e-05   0.00018275 -0.000207827           -1
0.418016 0.124442 0.651523   -0.147432    0.140868 -0.00588881  -0.0111109  0.00761831   -0.744565      0.74355     -0.66868  0.000294447     -0.66868     -0.74355  2.77514e-05   0.00020038 -0.000217526           -1
0.416405 0.125903  0.65154   -0.147067     0.14126 -0.00658813  -0.0120545  0.00866816   -0.745233    0.738286   -0.674488 0.000314613   -0.674488   -0.738286 2.91861e-05 0.000212589 -0.00023375          -1
0.414795 0.127366 0.651554   -0.146604    0.141662 -0.00739835  -0.0130799   0.0098729   -0.745862     0.732972    -0.680259  0.000334904    -0.680259    -0.732972   4.1258e-05  0.000217409 -0.000258062           -1
0.413188 0.128833 0.651563   -0.146038    0.142069 -0.00831752  -0.0141709   0.0112219   -0.746446     0.727608    -0.685993  0.000354855    -0.685993    -0.727608   6.6786e-05  0.000212381 -0.000292022           -1
0.411585 0.130303 0.651564   -0.145371     0.14247 -0.00934051  -0.0153022   0.0127109   -0.746988     0.722195    -0.691689  0.000373885    -0.691689    -0.722195  0.000108534  0.000194947 -0.000336995           -1
0.409986 0.131777 0.651556  -0.144609   0.142858 -0.0104506  -0.016443  0.0143076  -0.747472     0.716733    -0.697347  0.000391528    -0.697347    -0.716733  0.000168964  0.000162795 -0.000394134           -1
0.408395 0.133254 0.651538  -0.143765   0.143219 -0.0116265 -0.0175533  0.0159817  -0.747891     0.711223    -0.702966  0.000407129    -0.702967    -0.711223  0.000250115  0.000113738 -0.000464085           -1
0.406812 0.134735 0.651509  -0.142861    0.14354 -0.0128324 -0.0185918  0.0176751  -0.748234     0.705665    -0.708546   0.00042021    -0.708546    -0.705665  0.000353285  4.62088e-05 -0.000547038           -1
0.405238  0.13622 0.651466  -0.141921   0.143813 -0.0140335  -0.019517  0.0193356  -0.748481     0.700059    -0.714085  0.000430414    -0.714085    -0.700059  0.000478982 -4.07185e-05 -0.000642668           -1
0.403674 0.137707 0.651411  -0.140974   0.144025 -0.0151896 -0.0202908  0.0209026  -0.748622     0.694407    -0.719582  0.000437289    -0.719582    -0.694407  0.000626911 -0.000147457 -0.000749997           -1
 0.40212 0.139196 0.651343  -0.140049   0.144173 -0.0162638 -0.0208861  0.0223267  -0.748637     0.688711    -0.725036  0.000440703    -0.725036     -0.68871  0.000795964 -0.000273586 -0.000867715           -1
0.400577 0.140688 0.651262  -0.139175   0.144251 -0.0172208  -0.021281  0.0235548  -0.748517     0.682969    -0.730447  0.000440594    -0.730447    -0.682969  0.000984284 -0.000418055 -0.000994067    -0.999999
0.399043  0.14218  0.65117  -0.138375   0.144259 -0.0180343  -0.021468  0.0245529  -0.748255     0.677186    -0.735812  0.000437027    -0.735812    -0.677185   0.00118942 -0.000579238  -0.00112703    -0.999999
 0.39752 0.143673 0.651067  -0.137669   0.144197 -0.0186811 -0.0214446  0.0252884  -0.747846    0.671361   -0.741131 0.000430295    -0.74113    -0.67136  0.00140834 -0.00075488 -0.00126441   -0.999999
0.396005 0.145166 0.650956  -0.137071   0.144074 -0.0191502 -0.0212253  0.0257491  -0.747282     0.665496    -0.746401  0.000420718    -0.746401    -0.665495   0.00163801 -0.000942625  -0.00140411    -0.999999
0.394497 0.146658 0.650838  -0.136589   0.143894 -0.0194403 -0.0208248  0.0259437  -0.746572    0.659594   -0.751622 0.000408721   -0.751621   -0.659592  0.00187498 -0.00113969 -0.00154393   -0.999998
0.392997 0.148149 0.650714  -0.136226   0.143662 -0.0195527 -0.0202664  0.0258747  -0.745719    0.653655   -0.756793 0.000394782   -0.756792   -0.653653  0.00211622 -0.00134349 -0.00168205   -0.999998
0.391502 0.149638 0.650586  -0.135979   0.143389 -0.0194953 -0.0195746  0.0255607  -0.744729    0.647681   -0.761911 0.000379393    -0.76191   -0.647679  0.00235864 -0.00155135 -0.00181671   -0.999997
0.390012 0.151124 0.650457  -0.135842   0.143081  -0.019285 -0.0187768  0.0250323   -0.74361    0.641674   -0.766977 0.000363043   -0.766975   -0.641672  0.00259943 -0.00176075 -0.00194643   -0.999997
0.388525 0.152609 0.650326  -0.135805   0.142745 -0.0189365    -0.0179  0.0243125  -0.742377    0.635636   -0.771989 0.000346194   -0.771986   -0.635633  0.00283629 -0.00196953  -0.0020701   -0.999996
0.387041  0.15409 0.650197  -0.135855   0.142386 -0.0184703 -0.0169679  0.0234364  -0.741038    0.629568   -0.776945 0.000329232   -0.776942   -0.629564  0.00306713 -0.00217572 -0.00218676   -0.999995
0.385559 0.155568  0.65007   -0.13598   0.142011 -0.0179053  -0.016004  0.0224364  -0.739605    0.623471   -0.781846 0.000312715   -0.781843   -0.623467  0.00329008 -0.00237736 -0.00229576   -0.999995
0.384077 0.157043 0.649945  -0.136167   0.141621 -0.0172623 -0.0150266  0.0213447  -0.738094    0.617348    -0.78669 0.000296779   -0.786686   -0.617343  0.00350396 -0.00257332 -0.00239664   -0.999994
0.382596 0.158515 0.649825  -0.136402   0.141224 -0.0165568 -0.0140542  0.0201846  -0.736505    0.611198   -0.791477 0.000281777   -0.791473   -0.611193  0.00370772 -0.00276235 -0.00248917   -0.999993
0.381115 0.159983 0.649708  -0.136672    0.14082 -0.0158089 -0.0131008  0.0189871  -0.734855    0.605025   -0.796207 0.000267876   -0.796201   -0.605019  0.00390077 -0.00294375 -0.00257334   -0.999992
0.379633 0.161447 0.649597  -0.136964   0.140409 -0.0150326 -0.0121753  0.0177744  -0.733149    0.598828   -0.800878 0.000255229   -0.800872   -0.598822  0.00408256  -0.0031168 -0.00264916   -0.999992
0.378151 0.162908 0.649491  -0.137269   0.139996 -0.0142415 -0.0112882  0.0165655  -0.731394    0.592608   -0.805491 0.000243999   -0.805484   -0.592602  0.00425296 -0.00328112 -0.00271688   -0.999991
0.376667 0.164364 0.649391  -0.137576   0.139578 -0.0134472 -0.0104434  0.0153747  -0.729597    0.586369   -0.810044 0.000234239   -0.810037   -0.586362  0.00441197 -0.00343654 -0.00277678    -0.99999
0.375183 0.165817 0.649297   -0.137876    0.139158  -0.0126582 -0.00964798   0.0142132   -0.727762    0.580109   -0.814539 0.000225878   -0.814531   -0.580102  0.00455975 -0.00358306 -0.00282914    -0.99999
0.373698 0.167266 0.649208   -0.138164    0.138734  -0.0118847 -0.00890145   0.0130988   -0.725888     0.57383   -0.818974  0.00021899   -0.818966   -0.573823  0.00469672 -0.00372083 -0.00287447   -0.999989
0.372211 0.168711 0.649124  -0.138432   0.138307 -0.0111305 -0.0082067  0.0120296  -0.723984    0.567534    -0.82335 0.000213454   -0.823341   -0.567527  0.00482316 -0.00385001 -0.00291305   -0.999988
0.370724 0.170152 0.649047   -0.138675    0.137874  -0.0104031 -0.00756073   0.0110203   -0.722049    0.561221   -0.827666  0.00020926   -0.827656   -0.561213  0.00493958 -0.00397089 -0.00294539   -0.999988
